Iter	fval		||grad||	alpha		fcal		gcal		hcal
0	9.49890510e+00	1.20052924e+01	0.00000000e+00		1		1		0
1	9.43319372e+00	1.20060242e+01	5.00000000e-01		6		5		0
2	4.31996613e-01	3.80666092e-01	1.00000000e+00		10		9		0
3	-1.36319228e-01	2.40127577e-01	1.60000000e+01		18		17		0
4	-2.02122345e-01	6.25339667e-02	2.50000000e-01		24		21		0
5	-2.05433636e-01	1.21880011e-02	1.00000000e+00		28		25		0
6	-2.05572619e-01	4.52297679e-04	1.00000000e+00		32		29		0
7	-2.05572809e-01	3.47395647e-06	1.00000000e+00		36		33		0
8	-2.05572809e-01	9.82517890e-10	1.00000000e+00		40		37		0
