Iter	fval		||grad||	alpha
0	9.49890510	12.00529244	0.00000000
1	9.43319372	12.00602420	0.50000000
2	9.30248743	11.87527923	0.00091174
3	9.04394405	11.61524271	0.00185370
4	8.53836032	11.10106321	0.00383272
5	7.57340921	10.09694505	0.00820529
6	5.82987751	8.19147652	0.01893021
7	3.09669323	4.84709450	0.05196794
8	0.54338754	0.69880810	0.23266761
9	-0.02095318	0.34909479	2.61430927
10	-0.05256431	0.47567824	4.63078533
11	-0.10842762	0.36665336	0.27941100
12	-0.18620972	0.15123654	0.83108474
13	-0.18849900	0.12685445	3.40068323
14	-0.19278259	0.11043626	0.28452359
15	-0.19993626	0.07366621	0.70244772
16	-0.20464274	0.02812695	2.63646586
17	-0.20511967	0.01743488	2.97455185
18	-0.20530466	0.01208582	3.13796334
19	-0.20543446	0.00510038	2.53290404
20	-0.20546673	0.00280748	2.49484746
21	-0.20548393	0.00534573	8.18893496
22	-0.20550823	0.00241057	1.20315179
23	-0.20551660	0.00265865	4.18243179
24	-0.20552547	0.00145389	2.36985701
25	-0.20553410	0.00244908	8.38651291
26	-0.20554023	0.00155967	2.87697038
27	-0.20554193	0.00227676	5.04101448
28	-0.20554482	0.00160140	0.65809824
29	-0.20554803	0.00086021	2.25218898
30	-0.20555225	0.00127157	8.68135258
31	-0.20555431	0.00078078	2.60800054
32	-0.20555591	0.00129559	6.77338275
33	-0.20555778	0.00055832	1.90659350
34	-0.20556114	0.00049466	11.98624984
35	-0.20556256	0.00122418	13.73839620
36	-0.20556409	0.00037129	1.89384013
37	-0.20556669	0.00038269	22.14300312
38	-0.20556698	0.00045101	4.44438777
39	-0.20556727	0.00032251	2.81587400
40	-0.20556755	0.00045203	5.58869492
41	-0.20556782	0.00029748	2.69856724
42	-0.20556805	0.00045529	6.09857078
43	-0.20556831	0.00024148	2.26180333
44	-0.20556865	0.00038258	8.73568611
45	-0.20556872	0.00052208	4.64423932
46	-0.20556886	0.00038651	0.58270021
47	-0.20556904	0.00019768	1.84151843
48	-0.20556937	0.00018448	8.94577780
49	-0.20556999	0.00018226	19.83377121
50	-0.20557011	0.00039099	9.30185557
51	-0.20557025	0.00016494	1.47449708
52	-0.20557037	0.00038724	10.92508247
53	-0.20557051	0.00015254	1.50213664
54	-0.20557059	0.00041519	12.49896952
55	-0.20557072	0.00022948	0.95319819
56	-0.20557074	0.00032698	4.78262882
57	-0.20557078	0.00026289	0.43011268
58	-0.20557085	0.00014636	1.19770328
59	-0.20557091	0.00020969	5.76253960
60	-0.20557097	0.00014403	2.77589061
61	-0.20557102	0.00021013	5.67368872
62	-0.20557107	0.00011981	2.34184629
63	-0.20557115	0.00018462	7.85542102
64	-0.20557118	0.00022960	4.36777515
65	-0.20557122	0.00012827	1.16149844
66	-0.20557127	0.00018362	5.58180045
67	-0.20557131	0.00011132	2.47269267
68	-0.20557136	0.00017418	7.12161917
69	-0.20557140	0.00015130	3.36495682
70	-0.20557143	0.00012774	3.23302304
71	-0.20557146	0.00014298	4.18115881
72	-0.20557150	0.00011451	3.05593141
73	-0.20557153	0.00014361	4.80611794
74	-0.20557156	0.00011030	2.97415817
75	-0.20557158	0.00014299	4.96936910
76	-0.20557161	0.00010180	2.79481944
77	-0.20557164	0.00014306	5.58640570
78	-0.20557167	0.00010013	2.79697791
79	-0.20557170	0.00014308	5.56732082
80	-0.20557172	0.00008786	2.49322446
81	-0.20557175	0.00013662	6.98634470
82	-0.20557178	0.00011685	3.32223265
83	-0.20557180	0.00010516	3.40561832
84	-0.20557182	0.00010682	3.79137080
85	-0.20557184	0.00009867	3.46363097
86	-0.20557186	0.00010501	3.97847306
87	-0.20557187	0.00009472	3.38922371
88	-0.20557189	0.00010350	4.08972761
89	-0.20557191	0.00009064	3.30100594
90	-0.20557193	0.00010246	4.24221144
91	-0.20557194	0.00008654	3.19888070
92	-0.20557196	0.00010186	4.43907431
93	-0.20557197	0.00008251	3.08927420
94	-0.20557199	0.00010159	4.68028194
95	-0.20557201	0.00007868	2.98124564
96	-0.20557202	0.00010153	4.95652438
97	-0.20557204	0.00007513	2.88153967
98	-0.20557205	0.00010154	5.25732158
99	-0.20557206	0.00007184	2.79188300
100	-0.20557208	0.00010156	5.57922592
101	-0.20557209	0.00006878	2.71235784
102	-0.20557211	0.00010157	5.91925726
103	-0.20557212	0.00006591	2.64105197
104	-0.20557213	0.00010153	6.28128050
105	-0.20557215	0.00006324	2.57900337
106	-0.20557216	0.00010148	6.65544733
107	-0.20557217	0.00006058	2.51740681
108	-0.20557218	0.00010124	7.08516003
109	-0.20557220	0.00005865	2.48797679
110	-0.20557221	0.00010174	7.37704053
111	-0.20557222	0.00005399	2.32923354
112	-0.20557224	0.00009534	8.58023543
113	-0.20557225	0.00007557	3.18014540
114	-0.20557225	0.00007262	3.60277777
115	-0.20557226	0.00006075	3.16740593
116	-0.20557227	0.00007243	4.50443647
117	-0.20557228	0.00005862	3.08395728
118	-0.20557229	0.00007225	4.68306598
119	-0.20557230	0.00005640	2.99596731
120	-0.20557230	0.00007222	4.90766011
121	-0.20557231	0.00005442	2.91808250
122	-0.20557232	0.00007220	5.12977464
123	-0.20557233	0.00005243	2.84026590
124	-0.20557233	0.00007221	5.38821736
125	-0.20557234	0.00005071	2.77753971
126	-0.20557235	0.00007222	5.62540750
127	-0.20557235	0.00004880	2.70433072
128	-0.20557236	0.00007218	5.94359834
129	-0.20557237	0.00004765	2.67525545
130	-0.20557237	0.00007232	6.10020653
131	-0.20557238	0.00004478	2.54464133
132	-0.20557239	0.00007124	6.78511517
133	-0.20557239	0.00004882	2.81050788
134	-0.20557240	0.00007088	5.45866230
135	-0.20557241	0.00003760	2.07030259
136	-0.20557242	0.00004455	8.74728948
137	-0.20557242	0.00006416	5.65049912
138	-0.20557243	0.00004107	2.57914337
139	-0.20557243	0.00006295	6.52177573
140	-0.20557244	0.00004745	3.00434951
141	-0.20557244	0.00005930	4.61993176
142	-0.20557245	0.00003726	2.44055213
143	-0.20557245	0.00005349	6.91767015
144	-0.20557246	0.00006925	4.55689808
145	-0.20557246	0.00003683	1.35331662
146	-0.20557247	0.00005504	6.87056503
147	-0.20557247	0.00005741	3.83857707
148	-0.20557248	0.00003375	2.27699074
149	-0.20557248	0.00004601	7.61251743
150	-0.20557248	0.00008794	6.39529997
151	-0.20557249	0.00007702	0.26543754
152	-0.20557249	0.00005530	0.64869125
153	-0.20557249	0.00003158	2.14743229
154	-0.20557250	0.00003835	7.91527384
155	-0.20557250	0.00010112	9.44051626
156	-0.20557250	0.00009758	0.07106537
157	-0.20557250	0.00009044	0.14995178
158	-0.20557251	0.00007595	0.33630395
159	-0.20557251	0.00004723	0.87642285
160	-0.20557251	0.00004575	3.62284461
161	-0.20557252	0.00003750	3.10551811
162	-0.20557252	0.00004591	4.65336252
163	-0.20557252	0.00003699	3.07277725
164	-0.20557253	0.00004571	4.68835044
165	-0.20557253	0.00003566	2.98862830
166	-0.20557253	0.00004576	4.92552693
167	-0.20557253	0.00003500	2.95133477
168	-0.20557254	0.00004568	5.01378136
169	-0.20557254	0.00003376	2.86994660
170	-0.20557254	0.00004572	5.27981139
171	-0.20557255	0.00003333	2.85370335
172	-0.20557255	0.00004568	5.32316297
173	-0.20557255	0.00003179	2.74520979
174	-0.20557256	0.00004562	5.74444023
175	-0.20557256	0.00003245	2.82543035
176	-0.20557256	0.00004551	5.41362252
177	-0.20557256	0.00002906	2.54731074
178	-0.20557257	0.00004393	6.61197410
179	-0.20557257	0.00003820	3.34362269
180	-0.20557257	0.00003528	3.46527538
181	-0.20557257	0.00003562	3.75703401
182	-0.20557258	0.00003414	3.57203724
183	-0.20557258	0.00003524	3.84336126
184	-0.20557258	0.00003355	3.54949371
185	-0.20557258	0.00003486	3.86937276
186	-0.20557259	0.00003296	3.52569876
187	-0.20557259	0.00003452	3.90044988
188	-0.20557259	0.00003237	3.49864318
189	-0.20557259	0.00003420	3.93671726
190	-0.20557259	0.00003177	3.46814637
191	-0.20557260	0.00003391	3.97893084
192	-0.20557260	0.00003117	3.43406776
193	-0.20557260	0.00003366	4.02786779
194	-0.20557260	0.00003056	3.39638030
195	-0.20557260	0.00003343	4.08429303
196	-0.20557260	0.00002995	3.35519938
197	-0.20557261	0.00003325	4.14890972
198	-0.20557261	0.00002934	3.31082084
199	-0.20557261	0.00003309	4.22227160
200	-0.20557261	0.00002873	3.26373308
201	-0.20557261	0.00003296	4.30470783
202	-0.20557262	0.00002812	3.21460374
203	-0.20557262	0.00003287	4.39625478
204	-0.20557262	0.00002752	3.16422581
205	-0.20557262	0.00003280	4.49664262
206	-0.20557262	0.00002693	3.11343303
207	-0.20557262	0.00003275	4.60533641
208	-0.20557263	0.00002634	3.06300586
209	-0.20557263	0.00003271	4.72164341
210	-0.20557263	0.00002578	3.01359559
211	-0.20557263	0.00003269	4.84482888
212	-0.20557263	0.00002523	2.96568457
213	-0.20557263	0.00003268	4.97422441
214	-0.20557263	0.00002470	2.91959226
215	-0.20557264	0.00003268	5.10926283
216	-0.20557264	0.00002418	2.87549791
217	-0.20557264	0.00003268	5.24950832
218	-0.20557264	0.00002368	2.83347528
219	-0.20557264	0.00003268	5.39464281
220	-0.20557264	0.00002320	2.79352021
221	-0.20557265	0.00003268	5.54446222
222	-0.20557265	0.00002273	2.75558616
223	-0.20557265	0.00003268	5.69882548
224	-0.20557265	0.00002227	2.71958099
225	-0.20557265	0.00003268	5.85772590
226	-0.20557265	0.00002183	2.68543044
227	-0.20557265	0.00003268	6.02106623
228	-0.20557266	0.00002140	2.65296819
229	-0.20557266	0.00003267	6.18917655
230	-0.20557266	0.00002098	2.62225742
231	-0.20557266	0.00003267	6.36133916
232	-0.20557266	0.00002058	2.59265846
233	-0.20557266	0.00003266	6.54033963
234	-0.20557266	0.00002019	2.56592924
235	-0.20557267	0.00003265	6.71665749
236	-0.20557267	0.00001977	2.53488735
237	-0.20557267	0.00003260	6.92905948
238	-0.20557267	0.00001954	2.52914671
239	-0.20557267	0.00003273	7.00855649
240	-0.20557267	0.00001854	2.41677896
241	-0.20557267	0.00003165	7.73681825
242	-0.20557267	0.00002251	2.92265698
243	-0.20557268	0.00002993	4.84866784
244	-0.20557268	0.00001617	2.01431175
245	-0.20557268	0.00001762	8.45865211
246	-0.20557268	0.00005130	13.58466577
247	-0.20557268	0.00002914	0.91860157
248	-0.20557268	0.00003735	4.41138481
249	-0.20557268	0.00002492	0.78618155
250	-0.20557268	0.00001895	2.91032993
251	-0.20557269	0.00002507	5.16925476
252	-0.20557269	0.00001980	3.04184949
253	-0.20557269	0.00002464	4.69123442
254	-0.20557269	0.00001839	2.86855590
255	-0.20557269	0.00002475	5.29499811
256	-0.20557269	0.00001940	3.02871083
257	-0.20557269	0.00002426	4.71232321
258	-0.20557269	0.00001779	2.82427079
259	-0.20557269	0.00002433	5.44141779
260	-0.20557269	0.00001928	3.06534055
261	-0.20557269	0.00002355	4.57152775
262	-0.20557269	0.00001738	2.83020506
263	-0.20557270	0.00002364	5.42516645
264	-0.20557270	0.00001914	3.11879942
265	-0.20557270	0.00002264	4.40980779
266	-0.20557270	0.00001730	2.91356728
267	-0.20557270	0.00002283	5.17004154
268	-0.20557270	0.00001845	3.10039162
269	-0.20557270	0.00002222	4.51503770
270	-0.20557270	0.00001707	2.93269187
271	-0.20557270	0.00002238	5.10488438
272	-0.20557270	0.00001781	3.05722762
273	-0.20557270	0.00002200	4.65495012
274	-0.20557270	0.00001666	2.90256084
275	-0.20557270	0.00002212	5.18696252
276	-0.20557271	0.00001735	3.02440339
277	-0.20557271	0.00002178	4.74248645
278	-0.20557271	0.00001616	2.85460737
279	-0.20557271	0.00002187	5.33717387
280	-0.20557271	0.00001711	3.02585490
281	-0.20557271	0.00002142	4.71466247
282	-0.20557271	0.00001566	2.81512064
283	-0.20557271	0.00002147	5.47095110
284	-0.20557271	0.00001713	3.08208446
285	-0.20557271	0.00002069	4.51359618
286	-0.20557271	0.00001542	2.85170033
287	-0.20557271	0.00002080	5.35581311
288	-0.20557271	0.00001690	3.12262352
289	-0.20557271	0.00001998	4.41275326
290	-0.20557271	0.00001540	2.93424775
291	-0.20557272	0.00002016	5.10735018
292	-0.20557272	0.00001627	3.09301622
293	-0.20557272	0.00001971	4.54857763
294	-0.20557272	0.00001518	2.94081353
295	-0.20557272	0.00001984	5.07686287
296	-0.20557272	0.00001575	3.04800718
297	-0.20557272	0.00001955	4.68722359
298	-0.20557272	0.00001482	2.90624397
299	-0.20557272	0.00001965	5.17203801
300	-0.20557272	0.00001537	3.01547825
301	-0.20557272	0.00001939	4.77252569
302	-0.20557272	0.00001439	2.85682346
303	-0.20557272	0.00001947	5.32724508
304	-0.20557272	0.00001518	3.01657413
305	-0.20557272	0.00001911	4.74587306
306	-0.20557272	0.00001395	2.81381345
307	-0.20557272	0.00001915	5.47343586
308	-0.20557272	0.00001524	3.07525954
309	-0.20557273	0.00001849	4.53458651
310	-0.20557273	0.00001374	2.84502149
311	-0.20557273	0.00001858	5.37538233
312	-0.20557273	0.00001511	3.12717322
313	-0.20557273	0.00001781	4.39550076
314	-0.20557273	0.00001377	2.94172265
315	-0.20557273	0.00001798	5.08594205
316	-0.20557273	0.00001455	3.09899529
317	-0.20557273	0.00001758	4.53534849
318	-0.20557273	0.00001363	2.95518865
319	-0.20557273	0.00001770	5.03458578
320	-0.20557273	0.00001409	3.05181647
321	-0.20557273	0.00001747	4.68263656
322	-0.20557273	0.00001334	2.92379472
323	-0.20557273	0.00001756	5.11659351
324	-0.20557273	0.00001374	3.01335510
325	-0.20557273	0.00001737	4.78706258
326	-0.20557273	0.00001298	2.87551792
327	-0.20557273	0.00001743	5.26356321
328	-0.20557273	0.00001353	3.00035527
329	-0.20557273	0.00001719	4.80733220
330	-0.20557274	0.00001259	2.82388967
331	-0.20557274	0.00001724	5.43625610
332	-0.20557274	0.00001354	3.03991841
333	-0.20557274	0.00001679	4.65336038
334	-0.20557274	0.00001228	2.81195706
335	-0.20557274	0.00001683	5.48021051
336	-0.20557274	0.00001365	3.12424321
337	-0.20557274	0.00001606	4.38290204
338	-0.20557274	0.00001235	2.92420236
339	-0.20557274	0.00001621	5.13755475
340	-0.20557274	0.00001320	3.11594111
341	-0.20557274	0.00001577	4.47667293
342	-0.20557274	0.00001230	2.96805722
343	-0.20557274	0.00001590	5.00196111
344	-0.20557274	0.00001275	3.07001532
345	-0.20557274	0.00001567	4.63453249
346	-0.20557274	0.00001210	2.94945613
347	-0.20557274	0.00001576	5.04170555
348	-0.20557274	0.00001242	3.02526185
349	-0.20557274	0.00001560	4.76123801
350	-0.20557274	0.00001182	2.90765042
351	-0.20557274	0.00001567	5.16039172
352	-0.20557274	0.00001217	2.99556698
353	-0.20557274	0.00001551	4.83671598
354	-0.20557274	0.00001150	2.85611898
355	-0.20557274	0.00001557	5.32459045
356	-0.20557274	0.00001206	2.99899844
357	-0.20557275	0.00001533	4.80293276
358	-0.20557275	0.00001116	2.80828774
359	-0.20557275	0.00001535	5.48907260
360	-0.20557275	0.00001217	3.06582471
361	-0.20557275	0.00001485	4.56162269
362	-0.20557275	0.00001099	2.83505967
363	-0.20557275	0.00001491	5.40474624
364	-0.20557275	0.00001218	3.13725243
365	-0.20557275	0.00001425	4.36014905
366	-0.20557275	0.00001111	2.95972200
367	-0.20557275	0.00001440	5.03552443
368	-0.20557275	0.00001171	3.10901180
369	-0.20557275	0.00001409	4.51657795
370	-0.20557275	0.00001105	2.98199494
371	-0.20557275	0.00001419	4.95735931
372	-0.20557275	0.00001135	3.05909189
373	-0.20557275	0.00001404	4.67381327
374	-0.20557275	0.00001086	2.95518251
375	-0.20557275	0.00001411	5.02003298
376	-0.20557275	0.00001107	3.01435948
377	-0.20557275	0.00001400	4.79747415
378	-0.20557275	0.00001061	2.91133417
379	-0.20557275	0.00001405	5.14510609
380	-0.20557275	0.00001087	2.98382363
381	-0.20557275	0.00001393	4.87601902
382	-0.20557275	0.00001033	2.85888758
383	-0.20557275	0.00001398	5.31248772
384	-0.20557275	0.00001077	2.98375835
385	-0.20557275	0.00001380	4.85443373
386	-0.20557275	0.00001002	2.80542303
387	-0.20557275	0.00001382	5.49718174
388	-0.20557275	0.00001089	3.04959007
389	-0.20557275	0.00001341	4.61206874
390	-0.20557276	0.00000984	2.81494087
391	-0.20557276	0.00001345	5.46886093
392	-0.20557276	0.00001101	3.14649469
393	-0.20557276	0.00001278	4.31966224
394	-0.20557276	0.00001001	2.97029726
395	-0.20557276	0.00001292	5.00834551
396	-0.20557276	0.00001056	3.11904239
397	-0.20557276	0.00001265	4.49387610
398	-0.20557276	0.00000999	3.00059885
399	-0.20557276	0.00001274	4.90660149
400	-0.20557276	0.00001023	3.06691113
401	-0.20557276	0.00001261	4.65970353
402	-0.20557276	0.00000984	2.97605790
403	-0.20557276	0.00001267	4.95872060
404	-0.20557276	0.00000998	3.01918146
405	-0.20557276	0.00001259	4.79151353
406	-0.20557276	0.00000963	2.93463154
407	-0.20557276	0.00001263	5.07129527
408	-0.20557276	0.00000978	2.98139811
409	-0.20557276	0.00001256	4.89290209
410	-0.20557276	0.00000940	2.88511491
411	-0.20557276	0.00001259	5.22291540
412	-0.20557276	0.00000965	2.96243321
413	-0.20557276	0.00001250	4.93580828
414	-0.20557276	0.00000914	2.82820376
415	-0.20557276	0.00001253	5.41469891
416	-0.20557276	0.00000965	2.98870946
417	-0.20557276	0.00001232	4.82418801
418	-0.20557276	0.00000887	2.77991582
419	-0.20557276	0.00001232	5.58624151
420	-0.20557276	0.00000991	3.10501256
421	-0.20557276	0.00001176	4.42099349
422	-0.20557276	0.00000890	2.88212368
423	-0.20557276	0.00001185	5.25988417
424	-0.20557276	0.00000974	3.14625890
425	-0.20557276	0.00001140	4.36537042
426	-0.20557276	0.00000902	2.99840525
427	-0.20557276	0.00001152	4.92584306
428	-0.20557276	0.00000937	3.10400697
429	-0.20557276	0.00001134	4.55170475
430	-0.20557276	0.00000896	3.00402818
431	-0.20557276	0.00001141	4.88991496
432	-0.20557276	0.00000912	3.05355753
433	-0.20557276	0.00001132	4.70068699
434	-0.20557277	0.00000882	2.97435350
435	-0.20557277	0.00001136	4.95881380
436	-0.20557277	0.00000892	3.00918102
437	-0.20557277	0.00001130	4.82147232
438	-0.20557277	0.00000864	2.93322006
439	-0.20557277	0.00001134	5.07244037
440	-0.20557277	0.00000875	2.97398161
441	-0.20557277	0.00001128	4.91602768
442	-0.20557277	0.00000845	2.88552970
443	-0.20557277	0.00001131	5.21937032
444	-0.20557277	0.00000864	2.95600081
445	-0.20557277	0.00001124	4.95720894
446	-0.20557277	0.00000822	2.83045088
447	-0.20557277	0.00001126	5.40535835
448	-0.20557277	0.00000865	2.98009506
449	-0.20557277	0.00001110	4.85407312
450	-0.20557277	0.00000798	2.77975367
451	-0.20557277	0.00001109	5.58587390
452	-0.20557277	0.00000888	3.09428573
453	-0.20557277	0.00001062	4.45456524
454	-0.20557277	0.00000798	2.86631827
455	-0.20557277	0.00001069	5.30653683
456	-0.20557277	0.00000881	3.15325556
457	-0.20557277	0.00001025	4.33562291
458	-0.20557277	0.00000813	3.00556489
459	-0.20557277	0.00001035	4.90880917
460	-0.20557277	0.00000846	3.11299486
461	-0.20557277	0.00001019	4.53018096
462	-0.20557277	0.00000810	3.01803340
463	-0.20557277	0.00001025	4.85297085
464	-0.20557277	0.00000823	3.06268964
465	-0.20557277	0.00001018	4.68049736
466	-0.20557277	0.00000799	2.99167882
467	-0.20557277	0.00001022	4.90969175
468	-0.20557277	0.00000805	3.01793183
469	-0.20557277	0.00001017	4.80190658
470	-0.20557277	0.00000784	2.95386634
471	-0.20557277	0.00001020	5.00958437
472	-0.20557277	0.00000791	2.97993221
473	-0.20557277	0.00001016	4.90467793
474	-0.20557277	0.00000768	2.91063590
475	-0.20557277	0.00001018	5.13700027
476	-0.20557277	0.00000779	2.95228495
477	-0.20557277	0.00001014	4.97838171
478	-0.20557277	0.00000751	2.86135918
479	-0.20557277	0.00001016	5.29671100
480	-0.20557277	0.00000773	2.94766207
481	-0.20557277	0.00001008	4.97624918
482	-0.20557277	0.00000730	2.80367171
483	-0.20557277	0.00001010	5.49886611
484	-0.20557277	0.00000782	3.00424360
485	-0.20557277	0.00000988	4.76024516
486	-0.20557277	0.00000711	2.77310170
487	-0.20557277	0.00000987	5.60817594
488	-0.20557277	0.00000809	3.15435220
489	-0.20557277	0.00000930	4.26722241
490	-0.20557277	0.00000731	2.97643488
491	-0.20557277	0.00000941	4.99404694
492	-0.20557277	0.00000775	3.13791987
493	-0.20557277	0.00000920	4.44505081
494	-0.20557277	0.00000735	3.03086809
495	-0.20557277	0.00000927	4.82798988
496	-0.20557278	0.00000751	3.08808971
497	-0.20557278	0.00000918	4.61364472
498	-0.20557278	0.00000728	3.01654841
499	-0.20557278	0.00000922	4.84632290
500	-0.20557278	0.00000735	3.04186498
501	-0.20557278	0.00000918	4.74099968
502	-0.20557278	0.00000717	2.98444012
503	-0.20557278	0.00000920	4.92349371
504	-0.20557278	0.00000721	3.00125710
505	-0.20557278	0.00000917	4.84986469
506	-0.20557278	0.00000705	2.94635383
507	-0.20557278	0.00000919	5.02760415
508	-0.20557278	0.00000709	2.96660068
509	-0.20557278	0.00000916	4.94428878
510	-0.20557278	0.00000691	2.90438741
511	-0.20557278	0.00000918	5.15381017
512	-0.20557278	0.00000699	2.94165513
513	-0.20557278	0.00000915	5.01134564
514	-0.20557278	0.00000676	2.85642499
515	-0.20557278	0.00000917	5.31143076
516	-0.20557278	0.00000694	2.93955302
517	-0.20557278	0.00000910	5.00197496
518	-0.20557278	0.00000657	2.79878323
519	-0.20557278	0.00000911	5.51532011
520	-0.20557278	0.00000704	3.00089031
521	-0.20557278	0.00000892	4.76901992
522	-0.20557278	0.00000640	2.76760181
523	-0.20557278	0.00000891	5.62675046
524	-0.20557278	0.00000732	3.16274283
525	-0.20557278	0.00000836	4.23858790
526	-0.20557278	0.00000662	2.99387005
527	-0.20557278	0.00000847	4.94828141
528	-0.20557278	0.00000699	3.14153101
529	-0.20557278	0.00000829	4.44489020
530	-0.20557278	0.00000666	3.04424337
531	-0.20557278	0.00000835	4.79185931
532	-0.20557278	0.00000679	3.09180551
533	-0.20557278	0.00000828	4.60982158
534	-0.20557278	0.00000660	3.02922118
535	-0.20557278	0.00000831	4.81105240
536	-0.20557278	0.00000664	3.04706055
537	-0.20557278	0.00000828	4.73142029
538	-0.20557278	0.00000651	2.99846851
539	-0.20557278	0.00000830	4.88301924
540	-0.20557278	0.00000652	3.00743973
541	-0.20557278	0.00000828	4.83653707
542	-0.20557278	0.00000640	2.96283234
543	-0.20557278	0.00000829	4.97756188
544	-0.20557278	0.00000641	2.97214762
545	-0.20557278	0.00000827	4.93242647
546	-0.20557278	0.00000629	2.92459804
547	-0.20557278	0.00000828	5.08847611
548	-0.20557278	0.00000632	2.94264369
549	-0.20557278	0.00000826	5.01455510
550	-0.20557278	0.00000617	2.88274057
551	-0.20557278	0.00000828	5.22058136
552	-0.20557278	0.00000625	2.92489050
553	-0.20557278	0.00000825	5.06071420
554	-0.20557278	0.00000603	2.83285582
555	-0.20557278	0.00000826	5.39138997
556	-0.20557278	0.00000625	2.93889035
557	-0.20557278	0.00000819	4.99561881
558	-0.20557278	0.00000585	2.77214895
559	-0.20557278	0.00000819	5.61137395
560	-0.20557278	0.00000643	3.04454313
561	-0.20557278	0.00000792	4.60949683
562	-0.20557278	0.00000577	2.79322822
563	-0.20557278	0.00000793	5.53751732
564	-0.20557278	0.00000661	3.19604718
565	-0.20557278	0.00000742	4.16298655
566	-0.20557278	0.00000605	3.07306834
567	-0.20557278	0.00000751	4.74937691
568	-0.20557278	0.00000625	3.15354523
569	-0.20557278	0.00000742	4.45479649
570	-0.20557278	0.00000606	3.09049589
571	-0.20557278	0.00000745	4.66931680
572	-0.20557278	0.00000610	3.10401044
573	-0.20557278	0.00000742	4.59880457
574	-0.20557278	0.00000600	3.06573806
575	-0.20557278	0.00000743	4.71241144
576	-0.20557278	0.00000598	3.06229716
577	-0.20557278	0.00000742	4.70406808
578	-0.20557278	0.00000591	3.03300535
579	-0.20557278	0.00000742	4.78711396
580	-0.20557278	0.00000588	3.02434705
581	-0.20557278	0.00000742	4.80001435
582	-0.20557278	0.00000582	2.99843735
583	-0.20557278	0.00000742	4.87412798
584	-0.20557278	0.00000579	2.98854458
585	-0.20557278	0.00000741	4.89432752
586	-0.20557278	0.00000573	2.96355365
587	-0.20557278	0.00000742	4.96858989
588	-0.20557278	0.00000570	2.95463701
589	-0.20557278	0.00000741	4.98834493
590	-0.20557278	0.00000564	2.92859019
591	-0.20557278	0.00000741	5.06998944
592	-0.20557278	0.00000562	2.92314461
593	-0.20557278	0.00000741	5.08026618
594	-0.20557279	0.00000554	2.89285331
595	-0.20557279	0.00000741	5.18115976
596	-0.20557279	0.00000554	2.89593993
597	-0.20557279	0.00000741	5.16299549
598	-0.20557279	0.00000544	2.85375058
599	-0.20557279	0.00000741	5.31221076
600	-0.20557279	0.00000548	2.87934040
601	-0.20557279	0.00000740	5.21208193
602	-0.20557279	0.00000532	2.80357877
603	-0.20557279	0.00000740	5.49346484
604	-0.20557279	0.00000549	2.89792417
605	-0.20557279	0.00000736	5.13163794
606	-0.20557279	0.00000514	2.72802460
607	-0.20557279	0.00000733	5.77958690
608	-0.20557279	0.00000575	3.05269427
609	-0.20557279	0.00000703	4.55501111
610	-0.20557279	0.00000508	2.76940850
611	-0.20557279	0.00000702	5.61721817
612	-0.20557279	0.00000600	3.26402406
613	-0.20557279	0.00000641	3.95702304
614	-0.20557279	0.00000555	3.24237795
615	-0.20557279	0.00000647	4.38719407
616	-0.20557279	0.00000560	3.24656375
617	-0.20557279	0.00000644	4.31221014
618	-0.20557279	0.00000553	3.22381267
619	-0.20557279	0.00000644	4.37701635
620	-0.20557279	0.00000550	3.20966511
621	-0.20557279	0.00000643	4.39602831
622	-0.20557279	0.00000545	3.19175391
623	-0.20557279	0.00000643	4.43317643
624	-0.20557279	0.00000542	3.17532514
625	-0.20557279	0.00000642	4.46441598
626	-0.20557279	0.00000538	3.15815581
627	-0.20557279	0.00000642	4.49951310
628	-0.20557279	0.00000534	3.14130937
629	-0.20557279	0.00000641	4.53416128
630	-0.20557279	0.00000530	3.12429955
631	-0.20557279	0.00000641	4.57037916
632	-0.20557279	0.00000526	3.10744013
633	-0.20557279	0.00000641	4.60705425
634	-0.20557279	0.00000522	3.09057822
635	-0.20557279	0.00000640	4.64480866
636	-0.20557279	0.00000519	3.07386691
637	-0.20557279	0.00000640	4.68316959
638	-0.20557279	0.00000515	3.05722170
639	-0.20557279	0.00000640	4.72246923
640	-0.20557279	0.00000511	3.04075092
641	-0.20557279	0.00000640	4.76238473
642	-0.20557279	0.00000508	3.02437951
643	-0.20557279	0.00000640	4.80320552
644	-0.20557279	0.00000504	3.00820127
645	-0.20557279	0.00000639	4.84460713
646	-0.20557279	0.00000500	2.99217522
647	-0.20557279	0.00000639	4.88678418
648	-0.20557279	0.00000497	2.97637342
649	-0.20557279	0.00000639	4.92953812
650	-0.20557279	0.00000493	2.96072802
651	-0.20557279	0.00000639	4.97306939
652	-0.20557279	0.00000490	2.94530678
653	-0.20557279	0.00000639	5.01716952
654	-0.20557279	0.00000486	2.93008211
655	-0.20557279	0.00000639	5.06194498
656	-0.20557279	0.00000483	2.91506410
657	-0.20557279	0.00000639	5.10735898
658	-0.20557279	0.00000479	2.90028228
659	-0.20557279	0.00000639	5.15331892
660	-0.20557279	0.00000476	2.88569120
661	-0.20557279	0.00000639	5.19995901
662	-0.20557279	0.00000473	2.87137348
663	-0.20557279	0.00000639	5.24701979
664	-0.20557279	0.00000469	2.85719985
665	-0.20557279	0.00000639	5.29492785
666	-0.20557279	0.00000466	2.84338963
667	-0.20557279	0.00000639	5.34289174
668	-0.20557279	0.00000463	2.82957372
669	-0.20557279	0.00000639	5.39228333
670	-0.20557279	0.00000460	2.81638485
671	-0.20557279	0.00000639	5.44066387
672	-0.20557279	0.00000456	2.80271132
673	-0.20557279	0.00000639	5.49235655
674	-0.20557279	0.00000453	2.79054442
675	-0.20557279	0.00000639	5.53950467
676	-0.20557279	0.00000450	2.77613301
677	-0.20557279	0.00000639	5.59703196
678	-0.20557279	0.00000448	2.76686277
679	-0.20557279	0.00000639	5.63514468
680	-0.20557279	0.00000443	2.74757164
681	-0.20557279	0.00000639	5.71579719
682	-0.20557279	0.00000443	2.75080029
683	-0.20557279	0.00000639	5.70408465
684	-0.20557279	0.00000434	2.70459621
685	-0.20557279	0.00000638	5.90238596
686	-0.20557279	0.00000445	2.77866871
687	-0.20557279	0.00000638	5.58742187
688	-0.20557279	0.00000414	2.58491960
689	-0.20557279	0.00000624	6.42471201
690	-0.20557279	0.00000510	3.17598816
691	-0.20557279	0.00000556	4.02921033
692	-0.20557279	0.00000443	3.00274419
693	-0.20557279	0.00000564	4.93532966
694	-0.20557279	0.00000472	3.17807697
695	-0.20557279	0.00000550	4.35169346
696	-0.20557279	0.00000451	3.09589288
697	-0.20557279	0.00000554	4.67038583
698	-0.20557279	0.00000458	3.13114326
699	-0.20557279	0.00000551	4.52795356
700	-0.20557279	0.00000449	3.08903012
701	-0.20557279	0.00000552	4.66155448
702	-0.20557279	0.00000450	3.09266711
703	-0.20557279	0.00000551	4.63000347
704	-0.20557279	0.00000445	3.06528175
705	-0.20557279	0.00000551	4.70851778
706	-0.20557279	0.00000444	3.05948434
707	-0.20557279	0.00000551	4.71217116
708	-0.20557279	0.00000439	3.03760418
709	-0.20557279	0.00000551	4.77255569
710	-0.20557279	0.00000438	3.02857356
711	-0.20557279	0.00000550	4.78947698
712	-0.20557279	0.00000434	3.00904069
713	-0.20557279	0.00000550	4.84372393
714	-0.20557279	0.00000432	2.99901289
715	-0.20557279	0.00000550	4.86618219
716	-0.20557279	0.00000428	2.98037658
717	-0.20557279	0.00000550	4.91948176
718	-0.20557279	0.00000426	2.97050326
719	-0.20557279	0.00000550	4.94343705
720	-0.20557279	0.00000423	2.95189517
721	-0.20557279	0.00000550	4.99898091
722	-0.20557279	0.00000421	2.94312894
723	-0.20557279	0.00000550	5.02111918
724	-0.20557279	0.00000417	2.92344889
725	-0.20557279	0.00000550	5.08282245
726	-0.20557279	0.00000416	2.91735943
727	-0.20557279	0.00000550	5.09744310
728	-0.20557279	0.00000412	2.89451284
729	-0.20557279	0.00000550	5.17318110
730	-0.20557279	0.00000411	2.89434491
731	-0.20557279	0.00000550	5.16810596
732	-0.20557279	0.00000406	2.86337307
733	-0.20557279	0.00000550	5.27657660
734	-0.20557279	0.00000407	2.87779406
735	-0.20557279	0.00000549	5.21887373
736	-0.20557279	0.00000399	2.82510802
737	-0.20557279	0.00000550	5.41213906
738	-0.20557279	0.00000406	2.88090401
739	-0.20557279	0.00000548	5.19864081
740	-0.20557279	0.00000389	2.76761078
741	-0.20557279	0.00000548	5.62732177
742	-0.20557279	0.00000415	2.95632237
743	-0.20557279	0.00000539	4.90785214
744	-0.20557279	0.00000376	2.70721899
745	-0.20557279	0.00000534	5.84662010
746	-0.20557279	0.00000449	3.22905219
747	-0.20557279	0.00000485	3.99697408
748	-0.20557279	0.00000409	3.15885443
749	-0.20557279	0.00000492	4.56106908
750	-0.20557279	0.00000417	3.20135005
751	-0.20557279	0.00000487	4.37751589
752	-0.20557279	0.00000410	3.16746045
753	-0.20557279	0.00000488	4.49306226
754	-0.20557279	0.00000410	3.16394322
755	-0.20557279	0.00000487	4.48027363
756	-0.20557279	0.00000406	3.14470536
757	-0.20557279	0.00000487	4.52929175
758	-0.20557279	0.00000404	3.13339883
759	-0.20557279	0.00000487	4.54839215
760	-0.20557279	0.00000402	3.11773042
761	-0.20557279	0.00000487	4.58444628
762	-0.20557279	0.00000399	3.10463105
763	-0.20557279	0.00000487	4.61177532
764	-0.20557279	0.00000397	3.09005297
765	-0.20557279	0.00000487	4.64524763
766	-0.20557279	0.00000395	3.07651733
767	-0.20557279	0.00000486	4.67573932
768	-0.20557279	0.00000392	3.06241584
769	-0.20557279	0.00000486	4.70912060
770	-0.20557279	0.00000390	3.04883648
771	-0.20557279	0.00000486	4.74143050
772	-0.20557279	0.00000387	3.03502956
773	-0.20557279	0.00000486	4.77542533
774	-0.20557279	0.00000385	3.02158855
775	-0.20557279	0.00000486	4.80899622
776	-0.20557279	0.00000383	3.00805551
777	-0.20557279	0.00000486	4.84381117
778	-0.20557279	0.00000381	2.99481237
779	-0.20557279	0.00000486	4.87851571
780	-0.20557279	0.00000378	2.98153334
781	-0.20557279	0.00000486	4.91419478
782	-0.20557280	0.00000376	2.96858661
783	-0.20557280	0.00000486	4.94973646
784	-0.20557280	0.00000374	2.95555730
785	-0.20557280	0.00000486	4.98644397
786	-0.20557280	0.00000372	2.94289817
787	-0.20557280	0.00000486	5.02282402
788	-0.20557280	0.00000369	2.93011146
789	-0.20557280	0.00000485	5.06058250
790	-0.20557280	0.00000367	2.91778707
791	-0.20557280	0.00000485	5.09766406
792	-0.20557280	0.00000365	2.90518369
793	-0.20557280	0.00000485	5.13665511
794	-0.20557280	0.00000363	2.89331782
795	-0.20557280	0.00000485	5.17397947
796	-0.20557280	0.00000361	2.88081124
797	-0.20557280	0.00000485	5.21457384
798	-0.20557280	0.00000359	2.86962163
799	-0.20557280	0.00000485	5.25134902
800	-0.20557280	0.00000357	2.85685125
801	-0.20557280	0.00000485	5.29493308
802	-0.20557280	0.00000355	2.84685909
803	-0.20557280	0.00000485	5.32907166
804	-0.20557280	0.00000352	2.83291689
805	-0.20557280	0.00000485	5.37915023
806	-0.20557280	0.00000351	2.82587822
807	-0.20557280	0.00000485	5.40382909
808	-0.20557280	0.00000348	2.80742056
809	-0.20557280	0.00000485	5.47350179
810	-0.20557280	0.00000348	2.80989734
811	-0.20557280	0.00000485	5.46257139
812	-0.20557280	0.00000343	2.77443069
813	-0.20557280	0.00000485	5.60205281
814	-0.20557280	0.00000347	2.81359894
815	-0.20557280	0.00000485	5.44527420
816	-0.20557280	0.00000333	2.71092909
817	-0.20557280	0.00000483	5.85924196
818	-0.20557280	0.00000359	2.91957273
819	-0.20557280	0.00000476	5.01870412
820	-0.20557280	0.00000318	2.60639964
821	-0.20557280	0.00000463	6.24780378
822	-0.20557280	0.00000426	3.47860740
823	-0.20557280	0.00000367	3.24201362
824	-0.20557280	0.00000421	4.28757758
825	-0.20557280	0.00000360	3.21227667
826	-0.20557280	0.00000422	4.40721834
827	-0.20557280	0.00000360	3.20772334
828	-0.20557280	0.00000421	4.39483182
829	-0.20557280	0.00000357	3.19173356
830	-0.20557280	0.00000421	4.43369184
831	-0.20557280	0.00000356	3.18045386
832	-0.20557280	0.00000421	4.45244588
833	-0.20557280	0.00000354	3.16696849
834	-0.20557280	0.00000421	4.48076305
835	-0.20557280	0.00000352	3.15450620
836	-0.20557280	0.00000420	4.50541026
837	-0.20557280	0.00000350	3.14153389
838	-0.20557280	0.00000420	4.53256434
839	-0.20557280	0.00000348	3.12882845
840	-0.20557280	0.00000420	4.55923736
841	-0.20557280	0.00000346	3.11602122
842	-0.20557280	0.00000420	4.58687507
843	-0.20557280	0.00000344	3.10334990
844	-0.20557280	0.00000420	4.61465377
845	-0.20557280	0.00000342	3.09061702
846	-0.20557280	0.00000419	4.64325867
847	-0.20557280	0.00000340	3.07799312
848	-0.20557280	0.00000419	4.67205780
849	-0.20557280	0.00000339	3.06541644
850	-0.20557280	0.00000419	4.70141345
851	-0.20557280	0.00000337	3.05294076
852	-0.20557280	0.00000419	4.73113409
853	-0.20557280	0.00000335	3.04047532
854	-0.20557280	0.00000419	4.76142676
855	-0.20557280	0.00000333	3.02818467
856	-0.20557280	0.00000419	4.79189284
857	-0.20557280	0.00000331	3.01590643
858	-0.20557280	0.00000419	4.82305496
859	-0.20557280	0.00000329	3.00373523
860	-0.20557280	0.00000419	4.85451100
861	-0.20557280	0.00000328	2.99171464
862	-0.20557280	0.00000419	4.88623057
863	-0.20557280	0.00000326	2.97973317
864	-0.20557280	0.00000419	4.91855326
865	-0.20557280	0.00000324	2.96794408
866	-0.20557280	0.00000419	4.95101124
867	-0.20557280	0.00000322	2.95617983
868	-0.20557280	0.00000419	4.98413534
869	-0.20557280	0.00000321	2.94457943
870	-0.20557280	0.00000419	5.01741237
871	-0.20557280	0.00000319	2.93308124
872	-0.20557280	0.00000419	5.05111845
873	-0.20557280	0.00000317	2.92177273
874	-0.20557280	0.00000419	5.08497495
875	-0.20557280	0.00000316	2.91044501
876	-0.20557280	0.00000419	5.11966605
877	-0.20557280	0.00000314	2.89949623
878	-0.20557280	0.00000419	5.15381225
879	-0.20557280	0.00000312	2.88825729
880	-0.20557280	0.00000419	5.18974143
881	-0.20557280	0.00000311	2.87776537
882	-0.20557280	0.00000419	5.22381746
883	-0.20557280	0.00000309	2.86646084
884	-0.20557280	0.00000419	5.26161126
885	-0.20557280	0.00000307	2.85670387
886	-0.20557280	0.00000419	5.29449044
887	-0.20557280	0.00000306	2.84487948
888	-0.20557280	0.00000419	5.33589192
889	-0.20557280	0.00000304	2.83667492
890	-0.20557280	0.00000418	5.36444188
891	-0.20557280	0.00000302	2.82286540
892	-0.20557280	0.00000419	5.41507227
893	-0.20557280	0.00000301	2.81904822
894	-0.20557280	0.00000418	5.42821906
895	-0.20557280	0.00000299	2.79787504
896	-0.20557280	0.00000419	5.50945310
897	-0.20557280	0.00000299	2.80914887
898	-0.20557280	0.00000418	5.46420084
899	-0.20557280	0.00000294	2.76040964
900	-0.20557280	0.00000418	5.65743392
901	-0.20557280	0.00000301	2.83262557
902	-0.20557280	0.00000417	5.36791953
903	-0.20557280	0.00000284	2.67874032
904	-0.20557280	0.00000414	5.98679828
905	-0.20557280	0.00000322	3.03743096
906	-0.20557280	0.00000396	4.57406536
907	-0.20557280	0.00000279	2.70782697
908	-0.20557280	0.00000392	5.82724433
909	-0.20557280	0.00000352	3.40491028
910	-0.20557280	0.00000335	3.54343297
911	-0.20557280	0.00000339	3.75215908
912	-0.20557280	0.00000332	3.63828454
913	-0.20557280	0.00000338	3.78024897
914	-0.20557280	0.00000331	3.63486933
915	-0.20557280	0.00000337	3.78297755
916	-0.20557280	0.00000330	3.63219882
917	-0.20557280	0.00000336	3.78589499
