Iter	fval		||grad||	alpha		delta		fcal		gcal		hcal
0	1.02496465e+05	1.93303496e+02	0.00000000e+00	0.00000000e+00		1		1		0
1	8.39798685e+04	1.67789804e+02	4.00000000e+00	3.27680000e+00		7		7		1
2	6.22962494e+04	1.42430455e+02	1.00000000e+00	1.63840000e+00		11		11		2
3	5.02677301e+04	1.25005561e+02	4.00000000e+00	9.26503163e+00		17		17		3
4	4.11354904e+04	1.09403315e+02	8.00000000e+00	1.57833931e+01		24		24		4
5	3.51762287e+04	9.98448546e+01	4.00000000e+00	7.25007535e+00		30		30		5
6	2.67499384e+04	8.39186582e+01	8.00000000e+00	1.03259093e+01		37		37		6
7	2.43776046e+04	7.97927839e+01	4.00000000e+00	1.37843927e+01		43		43		7
8	1.79178079e+04	6.69691334e+01	2.00000000e+00	2.14013673e+00		48		48		8
9	1.48153111e+04	6.04443201e+01	8.00000000e+00	1.41797179e+01		55		55		9
10	1.15960250e+04	5.21652924e+01	8.00000000e+00	1.25401037e+01		62		62		10
11	9.72405457e+03	4.79770977e+01	8.00000000e+00	1.44887607e+01		69		69		11
12	6.32830295e+03	3.77245022e+01	1.60000000e+01	1.51484395e+01		77		77		12
13	5.26197648e+03	3.42183862e+01	8.00000000e+00	1.17078221e+01		84		84		13
14	4.90517899e+03	3.09010241e+01	1.00000000e+00	2.48873730e+00		88		88		14
15	4.00738782e+03	2.86152349e+01	1.60000000e+01	1.38498524e+01		96		96		15
16	3.32384458e+03	2.64756271e+01	8.00000000e+00	1.25666753e+01		103		103		16
17	3.19373342e+03	2.65570051e+01	2.00000000e+00	9.94691312e+00		108		108		17
18	2.70177964e+03	2.27718944e+01	8.00000000e+00	7.16286390e+00		115		115		18
19	1.76955927e+03	1.76764748e+01	3.20000000e+01	1.41324504e+01		124		124		19
20	1.51575250e+03	1.79422296e+01	1.00000000e+00	0.00000000e+00		128		128		20
21	1.49240374e+03	1.70217800e+01	1.00000000e+00	1.28482437e+01		132		132		21
22	1.10288953e+03	1.41922607e+01	1.60000000e+01	1.02217323e+01		140		140		22
23	8.50953773e+02	1.34338684e+01	4.00000000e+00	5.38028698e+00		146		146		23
24	8.26479782e+02	1.25335597e+01	2.00000000e+00	1.38899401e+01		151		151		24
25	7.23276896e+02	1.25343210e+01	8.00000000e+00	8.33148808e+00		158		158		25
26	6.42829566e+02	1.07917303e+01	8.00000000e+00	1.00875022e+01		165		165		26
27	4.90391521e+02	9.28052104e+00	8.00000000e+00	6.28782134e+00		172		172		27
28	4.12330694e+02	8.56908484e+00	8.00000000e+00	1.19174556e+01		179		179		28
29	3.79203208e+02	8.80491274e+00	2.00000000e+00	5.94661369e+00		184		184		29
30	3.55964702e+02	9.58603944e+00	2.00000000e+00	9.04099063e+00		189		189		30
31	3.45189312e+02	8.86110317e+00	1.00000000e+00	1.12613558e+01		193		193		31
32	3.35798473e+02	8.50986227e+00	1.00000000e+00	1.02029289e+01		197		197		32
33	3.18001569e+02	7.02348426e+00	1.00000000e+00	2.76213040e+00		201		201		33
34	2.70207905e+02	7.66818022e+00	1.60000000e+01	1.53526470e+01		209		209		34
35	2.60104253e+02	7.37538244e+00	2.00000000e+00	1.30866832e+01		214		214		35
36	2.53759297e+02	6.51777545e+00	1.00000000e+00	6.84909546e+00		218		218		36
37	1.98895989e+02	6.70573173e+00	4.00000000e+00	3.94312678e+00		224		224		37
38	1.91051718e+02	6.74211329e+00	1.00000000e+00	5.32254809e+00		228		228		38
39	1.85894018e+02	6.50824529e+00	1.00000000e+00	5.10478979e+00		232		232		39
40	1.83952329e+02	7.46791134e+00	1.25000000e-01	1.45090439e+00		239		236		40
41	1.78514105e+02	6.47686983e+00	1.00000000e+00	7.98303024e+00		243		240		41
42	1.74051398e+02	6.07250444e+00	1.00000000e+00	9.19679296e+00		247		244		42
43	1.65226888e+02	5.69135443e+00	4.00000000e+00	1.50887104e+01		253		250		43
44	1.48591059e+02	6.02778557e+00	1.00000000e+00	4.75502552e+00		257		254		44
45	1.42195517e+02	6.07857214e+00	1.00000000e+00	8.35161345e+00		261		258		45
46	1.38096317e+02	5.39724294e+00	1.00000000e+00	5.80300684e+00		265		262		46
47	1.35739504e+02	5.92134983e+00	1.00000000e+00	1.20092001e+01		269		266		47
48	1.33918391e+02	5.92321233e+00	1.00000000e+00	1.43162553e+01		273		270		48
49	1.31463692e+02	5.27622996e+00	1.00000000e+00	1.38576375e+01		277		274		49
50	1.28070010e+02	5.07721792e+00	2.00000000e+00	1.56265031e+01		282		279		50
51	1.22463235e+02	5.48801447e+00	2.00000000e+00	9.70554573e+00		287		284		51
52	1.15615959e+02	5.38925832e+00	1.00000000e+00	2.98477411e+00		291		288		52
53	7.76779408e+01	4.77849858e+00	1.00000000e+00	0.00000000e+00		295		292		53
54	6.63881007e+01	3.99444784e+00	2.00000000e+00	3.77665663e+00		300		297		54
55	5.45044771e+01	4.40963940e+00	4.00000000e+00	7.44999519e+00		306		303		55
56	3.96972060e+01	4.05683344e+00	1.00000000e+00	8.19200000e-01		310		307		56
57	3.55319938e+01	4.47587008e+00	1.00000000e+00	5.67577549e+00		314		311		57
58	3.23264429e+01	3.01048979e+00	2.00000000e+00	1.05240295e+01		319		316		58
59	1.24264261e+01	2.53596844e+00	1.00000000e+00	0.00000000e+00		323		320		59
60	1.13426272e+01	2.25046321e+00	1.00000000e+00	5.02703152e+00		327		324		60
61	1.09794993e+01	2.51271398e+00	1.00000000e+00	1.06136864e+01		331		328		61
62	1.06910570e+01	2.55922840e+00	1.00000000e+00	1.48405278e+01		335		332		62
63	1.04088781e+01	2.44082501e+00	1.00000000e+00	1.54657694e+01		339		336		63
64	1.01052845e+01	2.28976587e+00	1.00000000e+00	1.34404178e+01		343		340		64
65	9.73484327e+00	2.26920033e+00	1.00000000e+00	1.00993604e+01		347		344		65
66	8.88091118e+00	2.17159112e+00	1.00000000e+00	3.75587650e+00		351		348		66
67	6.59221921e+00	2.35059090e+00	1.00000000e+00	2.27501481e+00		355		352		67
68	5.99234403e+00	1.54633610e+00	1.00000000e+00	5.70396351e+00		359		356		68
69	1.49046813e-01	1.26420228e+00	5.00000000e-01	0.00000000e+00		364		360		69
70	1.32039867e-01	1.23597192e+00	1.00000000e+00	3.39775623e+00		368		364		70
71	2.44558616e-02	1.02961383e-01	3.90625000e-03	2.04800000e-01		380		368		71
72	2.11272197e-02	1.88642856e-01	2.50000000e-01	0.00000000e+00		386		372		72
73	2.08772634e-02	2.47460457e-01	2.50000000e-01	4.65090888e-01		392		376		73
74	1.77382220e-02	6.28295709e-02	1.56250000e-02	0.00000000e+00		402		380		74
75	4.12708853e-03	4.23450165e-02	1.00000000e+00	0.00000000e+00		406		384		75
76	1.23585785e-03	2.44123178e-02	1.00000000e+00	0.00000000e+00		410		388		76
77	1.06534263e-03	2.44185879e-02	1.00000000e+00	0.00000000e+00		414		392		77
78	1.59685513e-04	8.50471004e-03	5.00000000e-01	0.00000000e+00		419		396		78
79	8.83852318e-05	6.09524728e-03	1.00000000e+00	0.00000000e+00		423		400		79
80	6.85098589e-05	5.29945329e-03	1.00000000e+00	0.00000000e+00		427		404		80
81	6.13219483e-05	4.98427478e-03	1.00000000e+00	0.00000000e+00		431		408		81
82	5.75951986e-05	4.81578827e-03	1.00000000e+00	0.00000000e+00		435		412		82
83	5.59846065e-05	4.74049779e-03	1.00000000e+00	0.00000000e+00		439		416		83
84	5.49991117e-05	4.69469816e-03	1.00000000e+00	0.00000000e+00		443		420		84
85	5.46009217e-05	4.67563664e-03	1.00000000e+00	0.00000000e+00		447		424		85
86	5.43117980e-05	4.66217096e-03	1.00000000e+00	0.00000000e+00		451		428		86
87	5.42181355e-05	4.65758598e-03	1.00000000e+00	0.00000000e+00		455		432		87
88	5.41268089e-05	4.65336489e-03	1.00000000e+00	0.00000000e+00		459		436		88
89	5.41031878e-10	1.47109738e-05	5.00000000e-01	0.00000000e+00		464		440		89
90	4.30304920e-20	9.27690780e-11	5.00000000e-01	0.00000000e+00		469		444		90
