Iter	fval		||grad||	alpha		CGiter		fcal		gcal		hcal
0	4.19362683e+02	7.61900783e+01	0.00000000e+00		1		1		0
1	-1.47378975e+00	7.49245963e-01	1.00000000e+00	1.00000000e-02		3		2		1
2	-1.55276800e+00	1.73373698e-01	1.23130494e+00	1.00000000e-02		17		3		2
3	-1.55718420e+00	1.82908454e-02	1.10533395e+00	1.00000000e-02		23		4		3
4	-1.55722626e+00	7.14353329e-03	1.39048211e+00	1.00000000e-02		31		5		4
5	-1.55723268e+00	2.78270474e-03	1.38947336e+00	1.00000000e-02		35		6		5
6	-1.55723364e+00	1.10764580e-03	1.39798254e+00	1.00000000e-02		39		7		6
7	-1.55723380e+00	3.63688592e-04	1.32828122e+00	1.00000000e-02		43		8		7
8	-1.55723382e+00	1.27529526e-05	1.03478865e+00	1.00000000e-02		48		9		8
