Iter	fval		||grad||	alpha
0	41897.00810045	6914.22199208	0.00000000
1	13011.50826081	3986.13621628	0.00195312
2	6261.14852616	2635.65019260	0.00181792
3	3998.52104367	2159.67422972	0.00194349
4	1406.25103223	591.98673070	0.00097021
5	712.21346516	1097.23394993	0.00739701
6	33.18843458	105.90231169	0.00115296
7	20.57979653	155.75188163	0.00378403
8	6.80781556	44.60917728	0.00103952
9	1.33615299	60.37032756	0.00692067
10	-0.88421992	19.41245496	0.00150132
11	-1.10900128	10.08751299	0.00147301
12	-1.18668972	10.19402437	0.00220898
13	-1.25264275	6.05158795	0.00149519
14	-1.25397997	11.38829306	0.00360185
15	-1.25662831	11.16606849	0.00002062
16	-1.26181869	10.71832794	0.00004248
17	-1.27175818	9.80942060	0.00009036
18	-1.28972552	7.93725143	0.00020659
19	-1.31643963	4.06802755	0.00057039
20	-1.32885231	2.88785805	0.00161426
21	-1.33488146	4.20633138	0.00297676
22	-1.34340533	1.98514116	0.00068152
23	-1.34475934	4.29091149	0.00432597
24	-1.34728401	3.71361529	0.00014708
25	-1.35150578	2.52943707	0.00036613
26	-1.35560523	1.36095526	0.00131970
27	-1.35864703	2.65717673	0.00442658
28	-1.36254609	1.13217526	0.00086163
29	-1.36813617	2.00903928	0.00608363
30	-1.37092517	1.24148496	0.00138497
31	-1.37367278	2.01333993	0.00361907
32	-1.37645375	1.21247746	0.00135566
33	-1.37933735	1.99446135	0.00378337
34	-1.38206653	1.29209206	0.00144982
35	-1.38439493	2.02192192	0.00326945
36	-1.38709801	1.06467652	0.00113909
37	-1.39182960	1.37563523	0.00476930
38	-1.39397168	1.70941115	0.00250035
39	-1.39625306	1.20882030	0.00146613
40	-1.39883797	1.69499252	0.00312252
41	-1.40105464	1.48705648	0.00179945
42	-1.40314440	1.48943273	0.00200482
43	-1.40523429	1.39908440	0.00188402
44	-1.40731581	1.48952173	0.00213533
45	-1.40939100	1.39279797	0.00187636
46	-1.41145611	1.48563632	0.00213950
47	-1.41351545	1.38517740	0.00187132
48	-1.41556484	1.48210398	0.00214659
49	-1.41760861	1.37760726	0.00186594
50	-1.41964243	1.47866421	0.00215382
51	-1.42167079	1.36999735	0.00186039
52	-1.42368924	1.47533644	0.00216140
53	-1.42570239	1.36235392	0.00185466
54	-1.42770565	1.47212124	0.00216933
55	-1.42970377	1.35467667	0.00184876
56	-1.43169204	1.46902037	0.00217761
57	-1.43367533	1.34696605	0.00184267
58	-1.43564879	1.46603536	0.00218627
59	-1.43761745	1.33922271	0.00183641
60	-1.43957631	1.46316748	0.00219531
61	-1.44153053	1.33144756	0.00182997
62	-1.44347499	1.46041782	0.00220473
63	-1.44541497	1.32364179	0.00182336
64	-1.44734523	1.45778716	0.00221456
65	-1.44927118	1.31580684	0.00181658
66	-1.45118744	1.45527604	0.00222481
67	-1.45309957	1.30794444	0.00180964
68	-1.45500203	1.45288467	0.00223547
69	-1.45690055	1.30005660	0.00180254
70	-1.45878944	1.45061292	0.00224657
71	-1.46067454	1.29214559	0.00179528
72	-1.46255007	1.44846035	0.00225810
73	-1.46442198	1.28421394	0.00178788
74	-1.46628435	1.44642612	0.00227008
75	-1.46814328	1.27626445	0.00178035
76	-1.46999272	1.44450906	0.00228250
77	-1.47183889	1.26830012	0.00177268
78	-1.47367561	1.44270760	0.00229539
79	-1.47550923	1.26032416	0.00176489
80	-1.47733346	1.44101982	0.00230873
81	-1.47915474	1.25233998	0.00175699
82	-1.48096670	1.43944342	0.00232254
83	-1.48277587	1.24435110	0.00174900
84	-1.48457577	1.43797576	0.00233681
85	-1.48637304	1.23636117	0.00174091
86	-1.48816111	1.43661387	0.00235154
87	-1.48994670	1.22837392	0.00173275
88	-1.49172316	1.43535446	0.00236674
89	-1.49349728	1.22039309	0.00172451
90	-1.49526235	1.43419399	0.00238240
91	-1.49702522	1.21242243	0.00171623
92	-1.49877911	1.43312864	0.00239852
93	-1.50053095	1.20446566	0.00170790
94	-1.50227388	1.43215439	0.00241510
95	-1.50401489	1.19652640	0.00169953
96	-1.50574707	1.43126706	0.00243214
97	-1.50747747	1.18860817	0.00169115
98	-1.50919911	1.43046230	0.00244962
99	-1.51091909	1.18071435	0.00168275
100	-1.51263040	1.42973569	0.00246755
101	-1.51434018	1.17284816	0.00167435
102	-1.51604136	1.42908275	0.00248591
103	-1.51774113	1.16501261	0.00166596
104	-1.51943238	1.42849895	0.00250471
105	-1.52112233	1.15721053	0.00165760
106	-1.52280385	1.42797978	0.00252394
107	-1.52448417	1.14944451	0.00164926
108	-1.52615615	1.42752079	0.00254359
109	-1.52782703	1.14171692	0.00164095
110	-1.52948965	1.42711757	0.00256365
111	-1.53115127	1.13402990	0.00163269
112	-1.53280471	1.42676581	0.00258412
113	-1.53445724	1.12638536	0.00162448
114	-1.53610169	1.42646133	0.00260499
115	-1.53774531	1.11878496	0.00161633
116	-1.53938092	1.42620005	0.00262626
117	-1.54101579	1.11123015	0.00160824
118	-1.54264274	1.42597805	0.00264792
119	-1.54426903	1.10372217	0.00160022
120	-1.54588747	1.42579157	0.00266997
121	-1.54750533	1.09626203	0.00159227
122	-1.54911542	1.42563700	0.00269240
123	-1.55072499	1.08885056	0.00158440
124	-1.55232689	1.42551090	0.00271521
125	-1.55392832	1.08148839	0.00157661
126	-1.55552216	1.42541001	0.00273839
127	-1.55711560	1.07417599	0.00156890
128	-1.55870153	1.42533122	0.00276194
129	-1.56028710	1.06691365	0.00156128
130	-1.56186525	1.42527161	0.00278586
131	-1.56344309	1.05970154	0.00155375
132	-1.56501358	1.42522841	0.00281014
133	-1.56658382	1.05253968	0.00154631
134	-1.56814678	1.42519902	0.00283479
135	-1.56970954	1.04542796	0.00153896
136	-1.57126509	1.42518100	0.00285979
137	-1.57282048	1.03836620	0.00153170
138	-1.57436873	1.42517204	0.00288516
139	-1.57591687	1.03135404	0.00152453
140	-1.57745793	1.42517001	0.00291088
141	-1.57899892	1.02439115	0.00151746
142	-1.58053291	1.42517288	0.00293696
143	-1.58206685	1.01747698	0.00151048
144	-1.58359386	1.42517879	0.00296340
145	-1.58512086	1.01061113	0.00150360
146	-1.58664098	1.42518598	0.00299020
147	-1.58816113	1.00379274	0.00149681
148	-1.58967447	1.42519281	0.00301737
149	-1.59118786	0.99702165	0.00149011
150	-1.59269450	1.42519776	0.00304489
151	-1.59420122	0.99029620	0.00148350
152	-1.59570124	1.42519936	0.00307279
153	-1.59720138	0.98361774	0.00147699
154	-1.59869487	1.42519646	0.00310104
155	-1.60018850	0.97698089	0.00147056
156	-1.60167555	1.42518731	0.00312968
157	-1.60316274	0.97039551	0.00146424
158	-1.60464340	1.42517227	0.00315864
159	-1.60612424	0.96383527	0.00145797
160	-1.60759864	1.42514582	0.00318811
161	-1.60907320	0.95736301	0.00145187
162	-1.61054124	1.42512024	0.00321764
163	-1.61200959	0.95081314	0.00144566
164	-1.61347180	1.42505433	0.00324839
165	-1.61493397	0.94462732	0.00144005
166	-1.61638915	1.42507129	0.00327723
167	-1.61784531	0.93757366	0.00143309
168	-1.61929715	1.42477554	0.00331306
169	-1.62074702	0.93320850	0.00143040
170	-1.62218473	1.42542014	0.00332966
171	-1.62362945	0.92097038	0.00141520
172	-1.62508687	1.42259584	0.00340660
173	-1.62652213	0.93413078	0.00144030
174	-1.62789377	1.42876254	0.00328962
175	-1.62932803	0.87292513	0.00134384
176	-1.63097841	1.37679390	0.00376447
177	-1.63229324	1.14181065	0.00174131
178	-1.63345803	1.15155199	0.00201702
179	-1.63463829	1.00299689	0.00175676
180	-1.63582393	1.16178884	0.00234644
181	-1.63700191	1.00876796	0.00175681
182	-1.63817025	1.15667865	0.00231519
183	-1.63933853	0.99850695	0.00174653
184	-1.64050197	1.15664007	0.00234354
185	-1.64166315	0.99331594	0.00173932
186	-1.64281799	1.15518782	0.00235372
187	-1.64397144	0.98645627	0.00173079
188	-1.64511916	1.15432555	0.00237070
189	-1.64626530	0.98020383	0.00172269
190	-1.64740553	1.15335905	0.00238581
191	-1.64854440	0.97372752	0.00171433
192	-1.64967750	1.15253974	0.00240231
193	-1.65080927	0.96736016	0.00170602
194	-1.65193527	1.15176309	0.00241887
195	-1.65306007	0.96096394	0.00169763
196	-1.65417917	1.15106898	0.00243607
197	-1.65529712	0.95460629	0.00168925
198	-1.65640943	1.15043404	0.00245362
199	-1.65752068	0.94825798	0.00168085
200	-1.65862633	1.14986447	0.00247166
201	-1.65973101	0.94193850	0.00167246
202	-1.66083013	1.14935150	0.00249012
203	-1.66192836	0.93564061	0.00166407
204	-1.66302109	1.14889440	0.00250902
205	-1.66411300	0.92937239	0.00165571
206	-1.66519946	1.14848780	0.00252834
207	-1.66628517	0.92313209	0.00164738
208	-1.66736549	1.14812924	0.00254808
209	-1.66844511	0.91692422	0.00163908
210	-1.66951940	1.14781443	0.00256824
211	-1.67059306	0.91074849	0.00163083
212	-1.67166144	1.14754049	0.00258880
213	-1.67272924	0.90460794	0.00162263
214	-1.67379182	1.14730363	0.00260976
215	-1.67485389	0.89850257	0.00161449
216	-1.67591078	1.14710096	0.00263112
217	-1.67696721	0.89243467	0.00160642
218	-1.67801852	1.14692904	0.00265287
219	-1.67906941	0.88640409	0.00159841
220	-1.68011525	1.14678516	0.00267501
221	-1.68116071	0.88041271	0.00159048
222	-1.68220116	1.14666618	0.00269752
223	-1.68324129	0.87446000	0.00158263
224	-1.68427646	1.14656963	0.00272042
225	-1.68531134	0.86854773	0.00157486
226	-1.68634132	1.14649264	0.00274368
227	-1.68737105	0.86267472	0.00156717
228	-1.68839593	1.14643304	0.00276731
229	-1.68942059	0.85684309	0.00155957
230	-1.69044045	1.14638816	0.00279131
231	-1.69146013	0.85105043	0.00155206
232	-1.69247506	1.14635623	0.00281568
233	-1.69348984	0.84530021	0.00154464
234	-1.69449991	1.14633466	0.00284040
235	-1.69550987	0.83958730	0.00153731
236	-1.69651517	1.14632218	0.00286550
237	-1.69752037	0.83391913	0.00153007
238	-1.69852096	1.14631611	0.00289092
239	-1.69952149	0.82828333	0.00152292
240	-1.70051746	1.14631585	0.00291676
241	-1.70151337	0.82269975	0.00151589
242	-1.70250476	1.14631842	0.00294287
243	-1.70349613	0.81713281	0.00150890
244	-1.70448305	1.14632395	0.00296949
245	-1.70546994	0.81164614	0.00150209
246	-1.70645236	1.14632964	0.00299618
247	-1.70743484	0.80611745	0.00149522
248	-1.70841300	1.14633377	0.00302382
249	-1.70939112	0.80078778	0.00148875
250	-1.71036469	1.14634239	0.00305060
251	-1.71133851	0.79515729	0.00148173
252	-1.71230841	1.14632513	0.00308036
253	-1.71327796	0.79030081	0.00147620
254	-1.71424229	1.14637407	0.00310467
255	-1.71520769	0.78381034	0.00146758
256	-1.71617109	1.14619909	0.00314279
257	-1.71713218	0.78130961	0.00146660
258	-1.71808358	1.14660742	0.00314883
259	-1.71904093	0.76926763	0.00144731
260	-1.72000850	1.14491873	0.00323555
261	-1.72096002	0.78231825	0.00147625
262	-1.72187177	1.14694660	0.00310946
263	-1.72281999	0.73452771	0.00138618
264	-1.72387498	1.12244216	0.00351496
265	-1.72477976	0.88917909	0.00167475
266	-1.72556395	1.02335320	0.00228873
267	-1.72640349	0.74657357	0.00149762
268	-1.72735095	1.02252622	0.00301248
269	-1.72817540	0.90696706	0.00181234
270	-1.72895988	0.90825210	0.00200453
271	-1.72974355	0.86170464	0.00190194
272	-1.73052392	0.90743499	0.00211082
273	-1.73130183	0.85768335	0.00189537
274	-1.73207606	0.90491841	0.00211498
275	-1.73284797	0.85319453	0.00189096
276	-1.73361622	0.90253411	0.00212080
277	-1.73438220	0.84870697	0.00188628
278	-1.73514453	0.90020681	0.00212683
279	-1.73590465	0.84419910	0.00188144
280	-1.73666112	0.89794141	0.00213314
281	-1.73741544	0.83967154	0.00187642
282	-1.73816613	0.89573909	0.00213976
283	-1.73891471	0.83512388	0.00187122
284	-1.73965967	0.89360116	0.00214669
285	-1.74040259	0.83055589	0.00186585
286	-1.74114190	0.89152887	0.00215394
287	-1.74187922	0.82596742	0.00186030
288	-1.74261294	0.88952341	0.00216153
289	-1.74334473	0.82135847	0.00185457
290	-1.74407292	0.88758590	0.00216946
291	-1.74479925	0.81672915	0.00184866
292	-1.74552200	0.88571733	0.00217775
293	-1.74624294	0.81207971	0.00184258
294	-1.74696030	0.88391863	0.00218641
295	-1.74767593	0.80741055	0.00183631
296	-1.74838798	0.88219058	0.00219545
297	-1.74909836	0.80272223	0.00182987
298	-1.74980518	0.88053380	0.00220489
299	-1.75051038	0.79801544	0.00182326
300	-1.75121204	0.87894879	0.00221472
301	-1.75191214	0.79329109	0.00181648
302	-1.75260871	0.87743586	0.00222497
303	-1.75330378	0.78855020	0.00180953
304	-1.75399535	0.87599513	0.00223564
305	-1.75468547	0.78379398	0.00180243
306	-1.75537210	0.87462652	0.00224675
307	-1.75605735	0.77902383	0.00179517
308	-1.75673912	0.87332976	0.00225829
309	-1.75741957	0.77424125	0.00178777
310	-1.75809656	0.87210436	0.00227027
311	-1.75877230	0.76944795	0.00178023
312	-1.75944459	0.87094958	0.00228270
313	-1.76011569	0.76464572	0.00177256
314	-1.76078336	0.86986449	0.00229560
315	-1.76144989	0.75983652	0.00176477
316	-1.76211302	0.86884792	0.00230895
317	-1.76277507	0.75502239	0.00175687
318	-1.76343374	0.86789848	0.00232276
319	-1.76409139	0.75020547	0.00174887
320	-1.76474568	0.86701458	0.00233704
321	-1.76539901	0.74538794	0.00174078
322	-1.76604899	0.86619443	0.00235178
323	-1.76669807	0.74057207	0.00173262
324	-1.76734384	0.86543603	0.00236698
325	-1.76798875	0.73576010	0.00172438
326	-1.76863037	0.86473726	0.00238265
327	-1.76927120	0.73095431	0.00171609
328	-1.76990876	0.86409580	0.00239878
329	-1.77054558	0.72615692	0.00170776
330	-1.77117916	0.86350923	0.00241537
331	-1.77181204	0.72137012	0.00169940
332	-1.77244171	0.86297502	0.00243241
333	-1.77307073	0.71659604	0.00169101
334	-1.77369657	0.86249056	0.00244990
335	-1.77432181	0.71183671	0.00168262
336	-1.77494390	0.86205318	0.00246784
337	-1.77556543	0.70709407	0.00167422
338	-1.77618384	0.86166017	0.00248621
339	-1.77680173	0.70236993	0.00166583
340	-1.77741652	0.86130881	0.00250501
341	-1.77803085	0.69766599	0.00165746
342	-1.77864211	0.86099637	0.00252425
343	-1.77925293	0.69298383	0.00164912
344	-1.77986072	0.86072018	0.00254390
345	-1.78046812	0.68832485	0.00164082
346	-1.78107251	0.86047757	0.00256397
347	-1.78167653	0.68369036	0.00163256
348	-1.78227759	0.86026595	0.00258445
349	-1.78287831	0.67908149	0.00162435
350	-1.78347610	0.86008280	0.00260533
351	-1.78407359	0.67449926	0.00161620
352	-1.78466816	0.85992565	0.00262660
353	-1.78526247	0.66994453	0.00160811
354	-1.78585389	0.85979216	0.00264827
355	-1.78644508	0.66541804	0.00160009
356	-1.78703342	0.85968004	0.00267033
357	-1.78762154	0.66092041	0.00159214
358	-1.78820684	0.85958713	0.00269276
359	-1.78879195	0.65645213	0.00158427
360	-1.78937427	0.85951136	0.00271558
361	-1.78995642	0.65201358	0.00157648
362	-1.79053582	0.85945075	0.00273876
363	-1.79111506	0.64760505	0.00156878
364	-1.79169158	0.85940344	0.00276232
365	-1.79226797	0.64322670	0.00156116
366	-1.79284166	0.85936767	0.00278624
367	-1.79341524	0.63887864	0.00155363
368	-1.79398614	0.85934177	0.00281053
369	-1.79455696	0.63456087	0.00154619
370	-1.79512513	0.85932417	0.00283518
371	-1.79569323	0.63027334	0.00153884
372	-1.79625870	0.85931340	0.00286019
373	-1.79682412	0.62601591	0.00153158
374	-1.79738695	0.85930807	0.00288556
375	-1.79794973	0.62178842	0.00152442
376	-1.79850994	0.85930690	0.00291129
377	-1.79907013	0.61759059	0.00151735
378	-1.79962776	0.85930868	0.00293738
379	-1.80018539	0.61342219	0.00151037
380	-1.80074049	0.85931226	0.00296383
381	-1.80129559	0.60928281	0.00150349
382	-1.80184819	0.85931660	0.00299063
383	-1.80240080	0.60517224	0.00149670
384	-1.80295093	0.85932070	0.00301780
385	-1.80350109	0.60108981	0.00149000
386	-1.80404879	0.85932365	0.00304533
387	-1.80459651	0.59703566	0.00148340
388	-1.80514181	0.85932462	0.00307323
389	-1.80568714	0.59300817	0.00147689
390	-1.80623007	0.85932271	0.00310150
391	-1.80677304	0.58900949	0.00147047
392	-1.80731361	0.85931746	0.00313012
393	-1.80785424	0.58503314	0.00146413
394	-1.80839251	0.85930734	0.00315916
395	-1.80893083	0.58109306	0.00145790
396	-1.80946679	0.85929422	0.00318846
397	-1.81000283	0.57715276	0.00145170
398	-1.81053656	0.85926996	0.00321844
399	-1.81107033	0.57330498	0.00144576
400	-1.81160171	0.85925682	0.00324802
401	-1.81213326	0.56929878	0.00143942
402	-1.81266274	0.85918365	0.00328015
403	-1.81319205	0.56583153	0.00143452
404	-1.81371841	0.85927174	0.00330647
405	-1.81424561	0.56089245	0.00142577
406	-1.81477259	0.85878853	0.00335160
407	-1.81529731	0.56052137	0.00142906
408	-1.81581348	0.86003865	0.00334019
409	-1.81633689	0.54637428	0.00139569
410	-1.81687957	0.85386036	0.00350665
411	-1.81739530	0.58076860	0.00148867
412	-1.81785200	0.85616928	0.00305809
413	-1.81836173	0.49418093	0.00124607
414	-1.81910514	0.72670386	0.00417444
415	-1.81933426	1.12024616	0.00281542
416	-1.81972281	0.79427839	0.00036514
417	-1.82018018	0.48139876	0.00123177
418	-1.82091701	0.63562044	0.00394718
419	-1.82108181	1.25843591	0.00364757
420	-1.82138157	1.03430428	0.00020812
421	-1.82184539	0.61040098	0.00056040
422	-1.82225497	0.75836719	0.00248972
423	-1.82269810	0.52033001	0.00142432
424	-1.82322587	0.73991957	0.00327345
425	-1.82364024	0.70629183	0.00192801
426	-1.82405895	0.57540917	0.00166128
427	-1.82448042	0.70985158	0.00252925
428	-1.82489819	0.58055326	0.00167286
429	-1.82531068	0.70662850	0.00247906
430	-1.82572491	0.57082659	0.00165219
431	-1.82613926	0.70801239	0.00254250
432	-1.82655179	0.57107251	0.00165319
433	-1.82696065	0.70654371	0.00252986
434	-1.82737036	0.56424362	0.00163806
435	-1.82777929	0.70717437	0.00257377
436	-1.82818707	0.56280184	0.00163544
437	-1.82859180	0.70632192	0.00257479
438	-1.82899707	0.55705844	0.00162252
439	-1.82940126	0.70668967	0.00261196
440	-1.82980456	0.55502834	0.00161868
441	-1.83020504	0.70609314	0.00261834
442	-1.83060599	0.54967564	0.00160654
443	-1.83100583	0.70638198	0.00265403
444	-1.83140485	0.54755568	0.00160265
445	-1.83180108	0.70589069	0.00266173
446	-1.83219785	0.54220316	0.00159038
447	-1.83259366	0.70618712	0.00269925
448	-1.83298857	0.54036819	0.00158740
449	-1.83338050	0.70570766	0.00270485
450	-1.83377321	0.53461036	0.00157393
451	-1.83416541	0.70607308	0.00274811
452	-1.83455635	0.53359193	0.00157336
453	-1.83494376	0.70550463	0.00274617
454	-1.83533252	0.52670047	0.00155666
455	-1.83572176	0.70600423	0.00280279
456	-1.83610888	0.52765075	0.00156184
457	-1.83649099	0.70515825	0.00278083
458	-1.83687583	0.51789023	0.00153692
459	-1.83726369	0.70583171	0.00286970
460	-1.83764699	0.52392755	0.00155704
461	-1.83802141	0.70412101	0.00279272
462	-1.83840201	0.50662298	0.00151041
463	-1.83879280	0.70454992	0.00296574
464	-1.83917156	0.52750242	0.00157452
465	-1.83953117	0.69867259	0.00272232
466	-1.83990501	0.49079846	0.00147338
467	-1.84030858	0.69572179	0.00310395
468	-1.84067689	0.55550307	0.00166755
469	-1.84101250	0.66156087	0.00238705
470	-1.84136546	0.49368299	0.00153368
471	-1.84174757	0.66539234	0.00289636
472	-1.84209887	0.55784897	0.00172607
473	-1.84242883	0.62883717	0.00225775
474	-1.84276682	0.51693548	0.00166888
475	-1.84311157	0.63629320	0.00252962
476	-1.84345014	0.53103773	0.00170301
477	-1.84378225	0.62957417	0.00240120
478	-1.84411674	0.51799769	0.00167577
479	-1.84445216	0.63190699	0.00249325
480	-1.84478556	0.51990800	0.00167999
481	-1.84511570	0.62989155	0.00246687
482	-1.84544656	0.51319566	0.00166417
483	-1.84577678	0.63057570	0.00251255
484	-1.84610606	0.51185214	0.00166095
485	-1.84643301	0.62970494	0.00251365
486	-1.84676018	0.50698431	0.00164903
487	-1.84708623	0.62991234	0.00254578
488	-1.84741172	0.50462751	0.00164345
489	-1.84773520	0.62942475	0.00255632
490	-1.84805876	0.50041578	0.00163303
491	-1.84838105	0.62949286	0.00258420
492	-1.84870292	0.49771702	0.00162665
493	-1.84902294	0.62916929	0.00259866
494	-1.84934300	0.49377045	0.00161685
495	-1.84966176	0.62920588	0.00262552
496	-1.84998018	0.49098338	0.00161031
497	-1.85029680	0.62896425	0.00264174
498	-1.85061348	0.48713122	0.00160073
499	-1.85092890	0.62900968	0.00266910
500	-1.85124399	0.48439466	0.00159440
501	-1.85155729	0.62880797	0.00268576
502	-1.85187071	0.48051374	0.00158471
503	-1.85218296	0.62888304	0.00271486
504	-1.85249485	0.47796590	0.00157904
505	-1.85280486	0.62868860	0.00273045
506	-1.85311513	0.47388655	0.00156872
507	-1.85342443	0.62881289	0.00276322
508	-1.85373323	0.47177047	0.00156447
509	-1.85403991	0.62858529	0.00277488
510	-1.85434712	0.46713243	0.00155237
511	-1.85465383	0.62878765	0.00281566
512	-1.85495964	0.46603577	0.00155148
513	-1.85526267	0.62845219	0.00281612
514	-1.85556689	0.45989154	0.00153451
515	-1.85587183	0.62876422	0.00287673
516	-1.85617474	0.46152222	0.00154265
517	-1.85647289	0.62811103	0.00284416
518	-1.85677408	0.45104294	0.00151148
519	-1.85707972	0.62837693	0.00296096
520	-1.85737955	0.46119969	0.00154811
521	-1.85766853	0.62623693	0.00281915
522	-1.85796588	0.43758524	0.00147377
523	-1.85828034	0.62429202	0.00310577
524	-1.85857440	0.47861429	0.00161371
525	-1.85884300	0.60780512	0.00256738
526	-1.85912858	0.42455009	0.00145411
527	-1.85945282	0.60091842	0.00316893
528	-1.85972902	0.52538614	0.00179582
529	-1.85998854	0.52523624	0.00200124
530	-1.86024806	0.49263817	0.00188138
531	-1.86050654	0.52526243	0.00213870
532	-1.86076424	0.49041779	0.00187374
533	-1.86102069	0.52390728	0.00214298
534	-1.86127643	0.48771947	0.00186861
535	-1.86153093	0.52267998	0.00215024
536	-1.86178474	0.48504074	0.00186314
537	-1.86203731	0.52148526	0.00215764
538	-1.86228921	0.48234769	0.00185750
539	-1.86253987	0.52033046	0.00216539
540	-1.86278989	0.47964286	0.00185168
541	-1.86303867	0.51921572	0.00217350
542	-1.86328683	0.47692615	0.00184568
543	-1.86353375	0.51814162	0.00218197
544	-1.86378007	0.47419776	0.00183951
545	-1.86402517	0.51710867	0.00219082
546	-1.86426967	0.47145797	0.00183316
547	-1.86451296	0.51611729	0.00220006
548	-1.86475568	0.46870714	0.00182663
549	-1.86499718	0.51516780	0.00220969
550	-1.86523814	0.46594576	0.00181993
551	-1.86547788	0.51426044	0.00221973
552	-1.86571710	0.46317437	0.00181307
553	-1.86595512	0.51339533	0.00223018
554	-1.86619263	0.46039364	0.00180604
555	-1.86642894	0.51257250	0.00224107
556	-1.86666476	0.45760432	0.00179886
557	-1.86689939	0.51179184	0.00225238
558	-1.86713356	0.45480726	0.00179153
559	-1.86736654	0.51105312	0.00226414
560	-1.86759907	0.45200341	0.00178406
561	-1.86783042	0.51035600	0.00227635
562	-1.86806136	0.44919379	0.00177646
563	-1.86829111	0.50969998	0.00228901
564	-1.86852046	0.44637950	0.00176873
565	-1.86874865	0.50908445	0.00230212
566	-1.86897645	0.44356171	0.00176088
567	-1.86920309	0.50850865	0.00231570
568	-1.86942937	0.44074164	0.00175293
569	-1.86965449	0.50797172	0.00232974
570	-1.86987927	0.43792057	0.00174489
571	-1.87010291	0.50747267	0.00234425
572	-1.87032622	0.43509979	0.00173676
573	-1.87054839	0.50701039	0.00235922
574	-1.87077026	0.43228063	0.00172856
575	-1.87099100	0.50658366	0.00237465
576	-1.87121146	0.42946441	0.00172030
577	-1.87143079	0.50619120	0.00239055
578	-1.87164986	0.42665246	0.00171199
579	-1.87186781	0.50583160	0.00240691
580	-1.87208551	0.42384606	0.00170364
581	-1.87230211	0.50550342	0.00242372
582	-1.87251848	0.42104649	0.00169526
583	-1.87273375	0.50520516	0.00244098
584	-1.87294881	0.41825495	0.00168687
585	-1.87316278	0.50493526	0.00245869
586	-1.87337655	0.41547262	0.00167847
587	-1.87358925	0.50469215	0.00247684
588	-1.87380176	0.41270060	0.00167008
589	-1.87401321	0.50447423	0.00249543
590	-1.87422449	0.40993991	0.00166170
591	-1.87443471	0.50427992	0.00251445
592	-1.87464478	0.40719152	0.00165335
593	-1.87485380	0.50410763	0.00253389
594	-1.87506267	0.40445629	0.00164502
595	-1.87527052	0.50395578	0.00255375
596	-1.87547823	0.40173503	0.00163674
597	-1.87568491	0.50382285	0.00257402
598	-1.87589148	0.39902844	0.00162850
599	-1.87609704	0.50370734	0.00259469
600	-1.87630248	0.39633717	0.00162032
601	-1.87650693	0.50360777	0.00261577
602	-1.87671127	0.39366175	0.00161220
603	-1.87691463	0.50352275	0.00263724
604	-1.87711789	0.39100266	0.00160414
605	-1.87732018	0.50345091	0.00265910
606	-1.87752238	0.38836029	0.00159616
607	-1.87772362	0.50339096	0.00268134
608	-1.87792478	0.38573497	0.00158825
609	-1.87812498	0.50334165	0.00270397
610	-1.87832512	0.38312696	0.00158042
611	-1.87852431	0.50330180	0.00272696
612	-1.87872345	0.38053644	0.00157267
613	-1.87892164	0.50327028	0.00275033
614	-1.87911979	0.37796356	0.00156501
615	-1.87931700	0.50324604	0.00277407
616	-1.87951418	0.37540839	0.00155743
617	-1.87971043	0.50322806	0.00279818
618	-1.87990665	0.37287097	0.00154995
619	-1.88010196	0.50321540	0.00282264
620	-1.88029724	0.37035127	0.00154255
621	-1.88049161	0.50320717	0.00284747
622	-1.88068597	0.36784925	0.00153525
623	-1.88087943	0.50320253	0.00287266
624	-1.88107287	0.36536480	0.00152804
625	-1.88126543	0.50320071	0.00289821
626	-1.88145797	0.36289784	0.00152092
627	-1.88164964	0.50320096	0.00292411
628	-1.88184130	0.36044812	0.00151390
629	-1.88203209	0.50320260	0.00295038
630	-1.88222288	0.35801563	0.00150697
631	-1.88241281	0.50320499	0.00297700
632	-1.88260274	0.35559986	0.00150013
633	-1.88279181	0.50320753	0.00300399
634	-1.88298089	0.35320119	0.00149339
635	-1.88316913	0.50320968	0.00303133
636	-1.88335737	0.35081820	0.00148673
637	-1.88354478	0.50321086	0.00305905
638	-1.88373220	0.34845308	0.00148018
639	-1.88391878	0.50321075	0.00308711
640	-1.88410539	0.34610026	0.00147370
641	-1.88429117	0.50320840	0.00311560
642	-1.88447696	0.34377150	0.00146735
643	-1.88466193	0.50320491	0.00314431
644	-1.88484693	0.34143817	0.00146100
645	-1.88503113	0.50319539	0.00317377
646	-1.88521535	0.33916938	0.00145495
647	-1.88539872	0.50319278	0.00320266
648	-1.88558215	0.33678850	0.00144844
649	-1.88576488	0.50315667	0.00323442
650	-1.88594753	0.33476062	0.00144350
651	-1.88612915	0.50320826	0.00325980
652	-1.88631107	0.33181478	0.00143450
653	-1.88649290	0.50295970	0.00330459
654	-1.88667397	0.33157142	0.00143759
655	-1.88685221	0.50357975	0.00329394
656	-1.88703277	0.32357214	0.00140570
657	-1.88721919	0.50060184	0.00344916
658	-1.88739748	0.34128410	0.00148780
659	-1.88755777	0.50186653	0.00306134
660	-1.88773438	0.29536652	0.00127282
661	-1.88797861	0.44309813	0.00404880
662	-1.88808645	0.58750606	0.00248787
663	-1.88824899	0.33355989	0.00062484
664	-1.88841028	0.46257297	0.00292171
665	-1.88857206	0.32979849	0.00150764
666	-1.88873402	0.46261211	0.00297466
667	-1.88889507	0.33040735	0.00151365
668	-1.88905365	0.46248014	0.00295038
669	-1.88921391	0.32293674	0.00148281
670	-1.88937706	0.46212349	0.00307352
671	-1.88953641	0.33200699	0.00152792
672	-1.88968829	0.46096442	0.00289126
673	-1.88984637	0.30995715	0.00142954
674	-1.89001978	0.45529280	0.00329073
675	-1.89017340	0.36277384	0.00167313
676	-1.89031009	0.42438029	0.00233449
677	-1.89045513	0.31373893	0.00151800
678	-1.89061519	0.42590766	0.00294700
679	-1.89075887	0.36626323	0.00176478
680	-1.89089412	0.39244733	0.00214207
681	-1.89103127	0.34175788	0.00175627
682	-1.89116912	0.39614272	0.00234855
683	-1.89130605	0.34396926	0.00175690
684	-1.89144183	0.39431778	0.00231456
685	-1.89157761	0.34039111	0.00174648
686	-1.89171283	0.39432751	0.00234376
687	-1.89184779	0.33864684	0.00173933
688	-1.89198201	0.39382463	0.00235365
689	-1.89211608	0.33629922	0.00173078
690	-1.89224947	0.39353341	0.00237074
691	-1.89238268	0.33417105	0.00172269
692	-1.89251521	0.39320288	0.00238581
693	-1.89264757	0.33196175	0.00171432
694	-1.89277927	0.39292400	0.00240233
695	-1.89291081	0.32979161	0.00170601
696	-1.89304168	0.39265905	0.00241888
697	-1.89317241	0.32761072	0.00169763
698	-1.89330248	0.39242251	0.00243608
699	-1.89343242	0.32544342	0.00168925
700	-1.89356170	0.39220601	0.00245363
701	-1.89369085	0.32327908	0.00168085
702	-1.89381936	0.39201187	0.00247167
703	-1.89394775	0.32112469	0.00167245
704	-1.89407550	0.39183699	0.00249013
705	-1.89420314	0.31897759	0.00166407
706	-1.89433014	0.39168117	0.00250903
707	-1.89445705	0.31684065	0.00165571
708	-1.89458333	0.39154255	0.00252835
709	-1.89470952	0.31471320	0.00164737
710	-1.89483508	0.39142033	0.00254809
711	-1.89496056	0.31259683	0.00163908
712	-1.89508542	0.39131301	0.00256825
713	-1.89521021	0.31049139	0.00163083
714	-1.89533438	0.39121962	0.00258881
715	-1.89545849	0.30839797	0.00162263
716	-1.89558199	0.39113888	0.00260977
717	-1.89570543	0.30631653	0.00161449
718	-1.89582826	0.39106979	0.00263113
719	-1.89595105	0.30424787	0.00160641
720	-1.89607324	0.39101119	0.00265288
721	-1.89619538	0.30219192	0.00159841
722	-1.89631693	0.39096214	0.00267502
723	-1.89643844	0.30014936	0.00159048
724	-1.89655937	0.39092158	0.00269753
725	-1.89668026	0.29811996	0.00158263
726	-1.89680058	0.39088867	0.00272043
727	-1.89692086	0.29610436	0.00157485
728	-1.89704057	0.39086242	0.00274369
729	-1.89716025	0.29410213	0.00156717
730	-1.89727937	0.39084211	0.00276733
731	-1.89739846	0.29211403	0.00155957
732	-1.89751699	0.39082681	0.00279132
733	-1.89763551	0.29013919	0.00155205
734	-1.89775347	0.39081593	0.00281569
735	-1.89787141	0.28817885	0.00154463
736	-1.89798881	0.39080857	0.00284041
737	-1.89810619	0.28623117	0.00153730
738	-1.89822303	0.39080432	0.00286551
739	-1.89833987	0.28429885	0.00153007
740	-1.89845616	0.39080225	0.00289094
741	-1.89857245	0.28237740	0.00152292
742	-1.89868821	0.39080217	0.00291678
743	-1.89880396	0.28047402	0.00151588
744	-1.89891918	0.39080304	0.00294288
745	-1.89903441	0.27857584	0.00150890
746	-1.89914911	0.39080493	0.00296951
747	-1.89926381	0.27670592	0.00150209
748	-1.89937800	0.39080687	0.00299619
749	-1.89949219	0.27481993	0.00149521
750	-1.89960588	0.39080825	0.00302385
751	-1.89971956	0.27300530	0.00148875
752	-1.89983271	0.39081130	0.00305058
753	-1.89994590	0.27108077	0.00148171
754	-1.90005863	0.39080502	0.00308045
755	-1.90017131	0.26943615	0.00147623
756	-1.90028339	0.39082281	0.00310451
757	-1.90039559	0.26719822	0.00146748
758	-1.90050758	0.39075935	0.00314323
759	-1.90061928	0.26640676	0.00146684
760	-1.90072982	0.39090670	0.00314779
761	-1.90084109	0.26215597	0.00144673
762	-1.90095366	0.39028837	0.00323811
763	-1.90106423	0.26701693	0.00147797
764	-1.90116994	0.39097264	0.00310182
765	-1.90128011	0.24989913	0.00138306
766	-1.90140353	0.38189800	0.00352840
767	-1.90150815	0.30661317	0.00169234
768	-1.90159944	0.34309122	0.00222576
769	-1.90169597	0.26036523	0.00155102
770	-1.90180083	0.34634258	0.00284810
771	-1.90189718	0.29525295	0.00174831
772	-1.90198835	0.32603425	0.00221060
773	-1.90208112	0.27647590	0.00171536
774	-1.90217482	0.32940396	0.00242727
775	-1.90226756	0.28008284	0.00172696
776	-1.90235924	0.32730783	0.00236462
777	-1.90245111	0.27595441	0.00171139
778	-1.90254278	0.32774985	0.00241308
779	-1.90263420	0.27514030	0.00170675
780	-1.90272503	0.32721790	0.00241511
781	-1.90281583	0.27284977	0.00169657
782	-1.90290623	0.32716593	0.00243934
783	-1.90299650	0.27128291	0.00168916
784	-1.90308628	0.32691256	0.00245327
785	-1.90317600	0.26934876	0.00168021
786	-1.90326529	0.32679123	0.00247336
787	-1.90335449	0.26762890	0.00167215
788	-1.90344322	0.32662333	0.00249063
789	-1.90353189	0.26579243	0.00166355
790	-1.90362013	0.32650827	0.00251032
791	-1.90370829	0.26404262	0.00165534
792	-1.90379601	0.32638424	0.00252914
793	-1.90388368	0.26224762	0.00164690
794	-1.90397091	0.32628939	0.00254928
795	-1.90405808	0.26050037	0.00163869
796	-1.90414482	0.32619586	0.00256917
797	-1.90423151	0.25873259	0.00163037
798	-1.90431778	0.32612223	0.00258999
799	-1.90440399	0.25699916	0.00162224
800	-1.90448979	0.32605243	0.00261077
801	-1.90457554	0.25525457	0.00161405
802	-1.90466088	0.32599792	0.00263233
803	-1.90474618	0.25354018	0.00160603
804	-1.90483107	0.32594711	0.00265392
805	-1.90491592	0.25181732	0.00159797
806	-1.90500037	0.32590890	0.00267626
807	-1.90508479	0.25012534	0.00159010
808	-1.90516880	0.32587312	0.00269859
809	-1.90525278	0.24842283	0.00158219
810	-1.90533637	0.32584843	0.00272174
811	-1.90541993	0.24675659	0.00157450
812	-1.90550309	0.32582412	0.00274474
813	-1.90558624	0.24507147	0.00156672
814	-1.90566900	0.32581052	0.00276875
815	-1.90575173	0.24343647	0.00155925
816	-1.90583408	0.32579426	0.00279230
817	-1.90591641	0.24176107	0.00155156
818	-1.90599837	0.32578991	0.00281734
819	-1.90608031	0.24017031	0.00154441
820	-1.90616186	0.32577811	0.00284111
821	-1.90624341	0.23848281	0.00153668
822	-1.90632461	0.32578212	0.00286772
823	-1.90640577	0.23697448	0.00153010
824	-1.90648653	0.32577057	0.00289075
825	-1.90656732	0.23520534	0.00152189
826	-1.90664781	0.32578270	0.00292067
827	-1.90672822	0.23391003	0.00151671
828	-1.90680816	0.32576712	0.00293961
829	-1.90688820	0.23180676	0.00150638
830	-1.90696812	0.32577934	0.00297941
831	-1.90704781	0.23123896	0.00150599
832	-1.90712669	0.32576153	0.00298060
833	-1.90720602	0.22776214	0.00148669
834	-1.90728592	0.32565870	0.00305833
835	-1.90736486	0.23029232	0.00150675
836	-1.90744157	0.32556486	0.00297684
837	-1.90752011	0.22080564	0.00144753
838	-1.90760274	0.32381824	0.00322172
839	-1.90768023	0.23990771	0.00157606
840	-1.90775011	0.31796540	0.00269281
841	-1.90782566	0.20894438	0.00138234
842	-1.90791775	0.30507869	0.00346096
843	-1.90798543	0.30074203	0.00197880
844	-1.90805694	0.21776039	0.00149655
845	-1.90813592	0.30047777	0.00301639
846	-1.90820642	0.25521670	0.00174945
847	-1.90827217	0.27645188	0.00216464
848	-1.90833921	0.23538914	0.00172083
849	-1.90840700	0.27967616	0.00241983
850	-1.90847406	0.23881561	0.00173325
851	-1.90854033	0.27775157	0.00235166
852	-1.90860675	0.23525755	0.00171803
853	-1.90867301	0.27812594	0.00240005
854	-1.90873908	0.23453827	0.00171313
855	-1.90880474	0.27766996	0.00240243
856	-1.90887037	0.23262618	0.00170320
857	-1.90893571	0.27760296	0.00242560
858	-1.90900095	0.23126695	0.00169564
859	-1.90906584	0.27738404	0.00243972
860	-1.90913069	0.22964234	0.00168681
861	-1.90919521	0.27726375	0.00245908
862	-1.90925967	0.22816516	0.00167866
863	-1.90932379	0.27711467	0.00247629
864	-1.90938787	0.22661316	0.00167011
865	-1.90945162	0.27700387	0.00249544
866	-1.90951533	0.22511604	0.00166184
867	-1.90957871	0.27689142	0.00251409
868	-1.90964205	0.22359423	0.00165341
869	-1.90970507	0.27680040	0.00253377
870	-1.90976805	0.22210131	0.00164514
871	-1.90983072	0.27671430	0.00255345
872	-1.90989334	0.22060014	0.00163681
873	-1.90995566	0.27664314	0.00257386
874	-1.91001795	0.21911947	0.00162861
875	-1.91007992	0.27657808	0.00259441
876	-1.91014187	0.21763686	0.00162040
877	-1.91020351	0.27652459	0.00261558
878	-1.91026512	0.21617207	0.00161230
879	-1.91032644	0.27647670	0.00263695
880	-1.91038772	0.21470773	0.00160422
881	-1.91044872	0.27643822	0.00265890
882	-1.91050968	0.21326099	0.00159626
883	-1.91057036	0.27640422	0.00268104
884	-1.91063101	0.21181480	0.00158832
885	-1.91069137	0.27637811	0.00270377
886	-1.91075172	0.21038784	0.00158053
887	-1.91081177	0.27635508	0.00272664
888	-1.91087182	0.20895916	0.00157273
889	-1.91093158	0.27633895	0.00275016
890	-1.91099132	0.20755406	0.00156512
891	-1.91105078	0.27632418	0.00277370
892	-1.91111023	0.20614074	0.00155748
893	-1.91116940	0.27631597	0.00279806
894	-1.91122857	0.20476151	0.00155009
895	-1.91128745	0.27630687	0.00282215
896	-1.91134633	0.20335733	0.00154254
897	-1.91140494	0.27630502	0.00284753
898	-1.91146354	0.20201469	0.00153547
899	-1.91152186	0.27629894	0.00287185
900	-1.91158019	0.20060055	0.00152789
901	-1.91163826	0.27630244	0.00289879
902	-1.91169631	0.19932910	0.00152139
903	-1.91175408	0.27629666	0.00292231
904	-1.91181186	0.19783909	0.00151328
905	-1.91186944	0.27630398	0.00295281
906	-1.91192697	0.19676764	0.00150835
907	-1.91198413	0.27629796	0.00297153
908	-1.91204140	0.19494218	0.00149770
909	-1.91209860	0.27629362	0.00301373
910	-1.91215561	0.19462353	0.00149864
911	-1.91221196	0.27630301	0.00300999
912	-1.91226872	0.19130486	0.00147640
913	-1.91232609	0.27610731	0.00310156
914	-1.91238254	0.19453323	0.00150507
915	-1.91243693	0.27602987	0.00298338
916	-1.91249308	0.18426248	0.00142784
917	-1.91255356	0.27321832	0.00330742
918	-1.91260845	0.20887822	0.00162047
919	-1.91265685	0.26199707	0.00251585
920	-1.91270937	0.17765354	0.00141018
921	-1.91277281	0.25399399	0.00332861
922	-1.91282113	0.24852969	0.00196679
923	-1.91287129	0.18928999	0.00156434
924	-1.91292415	0.25054229	0.00280004
925	-1.91297430	0.20459619	0.00168411
926	-1.91302192	0.24318106	0.00239602
927	-1.91307081	0.19146891	0.00161058
928	-1.91312114	0.24542201	0.00266720
929	-1.91317008	0.19955957	0.00167134
930	-1.91321751	0.24183726	0.00245791
931	-1.91326570	0.19147627	0.00162180
932	-1.91331464	0.24332707	0.00262892
933	-1.91336278	0.19561665	0.00165294
934	-1.91340990	0.24145596	0.00251636
935	-1.91345753	0.19006250	0.00161651
936	-1.91350559	0.24241533	0.00263689
937	-1.91355310	0.19248273	0.00163562
938	-1.91359980	0.24122943	0.00256490
939	-1.91364689	0.18799216	0.00160495
940	-1.91369431	0.24192834	0.00266511
941	-1.91374126	0.18980097	0.00162018
942	-1.91378745	0.24100754	0.00260671
943	-1.91383403	0.18558782	0.00159056
944	-1.91388093	0.24160501	0.00270440
945	-1.91392736	0.18746806	0.00160703
946	-1.91397297	0.24072920	0.00264201
947	-1.91401903	0.18293342	0.00157427
948	-1.91406554	0.24131867	0.00275254
949	-1.91411146	0.18557826	0.00159752
950	-1.91415637	0.24028626	0.00266639
951	-1.91420190	0.17997036	0.00155586
952	-1.91424820	0.24091718	0.00281096
953	-1.91429359	0.18450683	0.00159541
954	-1.91433756	0.23936004	0.00266657
955	-1.91438247	0.17656584	0.00153506
956	-1.91442883	0.23999208	0.00288133
957	-1.91447359	0.18517982	0.00160974
958	-1.91451618	0.23687168	0.00261063
959	-1.91456022	0.17304313	0.00151804
960	-1.91460679	0.23737802	0.00294174
961	-1.91465059	0.18861603	0.00165301
962	-1.91469147	0.23020915	0.00246224
963	-1.91473404	0.17236626	0.00154255
964	-1.91477931	0.23157410	0.00286559
965	-1.91482177	0.18928520	0.00168860
966	-1.91486172	0.22303303	0.00236973
967	-1.91490290	0.17525947	0.00160646
968	-1.91494553	0.22530683	0.00268124
969	-1.91498677	0.18414442	0.00167946
970	-1.91502660	0.22129421	0.00243274
971	-1.91506714	0.17595892	0.00162671
972	-1.91510835	0.22282665	0.00261829
973	-1.91514886	0.18008899	0.00166004
974	-1.91518850	0.22095292	0.00249823
975	-1.91522855	0.17491985	0.00162375
976	-1.91526896	0.22186873	0.00261841
977	-1.91530892	0.17701845	0.00164148
978	-1.91534823	0.22079731	0.00255073
979	-1.91538785	0.17311968	0.00161280
980	-1.91542767	0.22140907	0.00264350
981	-1.91546716	0.17442956	0.00162484
982	-1.91550608	0.22065181	0.00259571
983	-1.91554526	0.17097905	0.00159870
984	-1.91558463	0.22113703	0.00268054
985	-1.91562368	0.17213810	0.00161010
986	-1.91566215	0.22048066	0.00263546
987	-1.91570090	0.16863126	0.00158282
988	-1.91573990	0.22093639	0.00272582
989	-1.91577853	0.17014703	0.00159788
990	-1.91581649	0.22023616	0.00266833
991	-1.91585482	0.16606240	0.00156519
992	-1.91589355	0.22072179	0.00277993
993	-1.91593176	0.16864579	0.00159033
994	-1.91596907	0.21978110	0.00268675
995	-1.91600696	0.16313911	0.00154492
996	-1.91604562	0.22031034	0.00284661
997	-1.91608338	0.16820043	0.00159333
998	-1.91611976	0.21863374	0.00266941
999	-1.91615708	0.15971215	0.00152202
1000	-1.91619599	0.21907609	0.00292646
