Iter	fval		||grad||	alpha		fcal		gcal		hcal
0	59051.40295395	9151.33271480	0.00000000		1		1		0
1	22667.71848629	6458.13011969	0.00195312		14		5		0
2	16647.74959824	5676.00278598	0.00195312		27		9		0
3	13772.55494830	5201.30156399	0.00195312		40		13		0
4	11913.74745371	4852.32114951	0.00195312		53		17		0
5	10529.55181268	4568.43500617	0.00195312		66		21		0
6	9415.17591619	4323.07026317	0.00195312		79		25		0
7	8475.17955335	4102.89782803	0.00195312		92		29		0
8	7659.15066715	3900.66275734	0.00195312		105		33		0
9	6938.04100231	3712.19579569	0.00195312		118		37		0
10	6293.81684467	3534.99144453	0.00195312		131		41		0
11	5714.43825198	3367.47219495	0.00195312		144		45		0
12	5191.27322952	3208.58912378	0.00195312		157		49		0
13	4717.71754747	3057.59946735	0.00195312		170		53		0
14	4288.43946986	2913.94107570	0.00195312		183		57		0
15	3898.95685725	2777.16100081	0.00195312		196		61		0
16	3545.39384550	2646.87464265	0.00195312		209		65		0
17	3224.33569991	2522.74223188	0.00195312		222		69		0
18	2932.73799873	2404.45517487	0.00195312		235		73		0
19	2667.86636400	2291.72801958	0.00195312		248		77		0
20	2427.25376604	2184.29363120	0.00195312		261		81		0
21	2208.66827777	2081.90020591	0.00195312		274		85		0
22	2010.08733135	1984.30934162	0.00195312		287		89		0
23	1829.67625904	1891.29472093	0.00195312		300		93		0
24	1665.76984530	1802.64115277	0.00195312		313		97		0
25	1516.85613626	1718.14382780	0.00195312		326		101		0
26	1381.56204036	1637.60770491	0.00195312		339		105		0
27	1258.64041507	1560.84698110	0.00195312		352		109		0
28	1146.95842707	1487.68461740	0.00195312		365		113		0
29	1045.48702771	1417.95190461	0.00195312		378		117		0
30	953.29141900	1351.48805961	0.00195312		391		121		0
31	869.52240713	1288.13984620	0.00195312		404		125		0
32	793.40855560	1227.76121708	0.00195312		417		129		0
33	724.24906111	1170.21297441	0.00195312		430		133		0
34	661.40728404	1115.36244735	0.00195312		443		137		0
35	604.30487255	1063.08318533	0.00195312		456		141		0
36	552.41642528	1013.25466604	0.00195312		469		145		0
37	505.26464318	965.76201726	0.00195312		482		149		0
38	462.41592534	920.49575194	0.00195312		495		153		0
39	423.47636813	877.35151565	0.00195312		508		157		0
40	388.08813078	836.22984598	0.00195312		521		161		0
41	355.92613365	797.03594320	0.00195312		534		165		0
42	326.69505887	759.67945171	0.00195312		547		169		0
43	300.12662552	724.07425172	0.00195312		560		173		0
44	275.97711433	690.13826071	0.00195312		573		177		0
45	254.02511900	657.79324421	0.00195312		586		181		0
46	234.06950340	626.96463541	0.00195312		599		185		0
47	215.92754572	597.58136330	0.00195312		612		189		0
48	199.43325266	569.57568878	0.00195312		625		193		0
49	184.43582785	542.88304853	0.00195312		638		197		0
50	170.79828052	517.44190617	0.00195312		651		201		0
51	158.39616161	493.19361034	0.00195312		664		205		0
52	147.11641549	470.08225957	0.00195312		677		209		0
53	136.85633688	448.05457335	0.00195312		690		213		0
54	127.52262326	427.05976931	0.00195312		703		217		0
55	119.03051402	407.04944615	0.00195312		716		221		0
56	111.30300839	387.97747207	0.00195312		729		225		0
57	104.27015506	369.79987840	0.00195312		742		229		0
58	97.86840676	352.47475822	0.00195312		755		233		0
59	92.04003392	335.96216979	0.00195312		768		237		0
60	86.73259211	320.22404443	0.00195312		781		241		0
61	81.89843812	305.22409878	0.00195312		794		245		0
62	77.49429042	290.92775113	0.00195312		807		249		0
63	73.48082981	277.30204170	0.00195312		820		253		0
64	69.82233672	264.31555667	0.00195312		833		257		0
65	66.48636157	251.93835573	0.00195312		846		261		0
66	63.44342547	240.14190306	0.00195312		859		265		0
67	60.66674818	228.89900155	0.00195312		872		269		0
68	58.13200112	218.18373008	0.00195312		885		273		0
69	55.81708283	207.97138378	0.00195312		898		277		0
70	53.70191514	198.23841703	0.00195312		911		281		0
71	51.76825789	188.96238923	0.00195312		924		285		0
72	49.99954067	180.12191299	0.00195312		937		289		0
73	48.38070995	171.69660486	0.00195312		950		293		0
74	46.89809023	163.66703835	0.00195312		963		297		0
75	45.53925783	156.01469906	0.00195312		976		301		0
76	44.29292632	148.72194207	0.00195312		989		305		0
77	43.14884238	141.77195118	0.00195312		1002		309		0
78	42.09769126	135.14870019	0.00195312		1015		313		0
79	41.13101078	128.83691588	0.00195312		1028		317		0
80	40.24111335	122.82204285	0.00195312		1041		321		0
81	39.42101499	117.09020987	0.00195312		1054		325		0
82	38.66437097	111.62819796	0.00195312		1067		329		0
83	37.96541724	106.42340983	0.00195312		1080		333		0
84	37.31891730	101.46384085	0.00195312		1093		337		0
85	36.72011389	96.73805134	0.00195312		1106		341		0
86	36.16468511	92.23514018	0.00195312		1119		345		0
87	35.64870456	87.94471960	0.00195312		1132		349		0
88	35.16860515	83.85689127	0.00195312		1145		353		0
89	34.72114619	79.96222336	0.00195312		1158		357		0
90	34.30338351	76.25172882	0.00195312		1171		361		0
91	33.91264230	72.71684457	0.00195312		1184		365		0
92	33.54649250	69.34941172	0.00195312		1197		369		0
93	33.20272633	66.14165668	0.00195312		1210		373		0
94	32.87933796	63.08617319	0.00195312		1223		377		0
95	32.57450506	60.17590516	0.00195312		1236		381		0
96	32.28657195	57.40413030	0.00195312		1249		385		0
97	32.01403437	54.76444456	0.00195312		1262		389		0
98	31.75552560	52.25074722	0.00195312		1275		393		0
99	31.50980390	49.85722671	0.00195312		1288		397		0
100	31.27574103	47.57834710	0.00195312		1301		401		0
101	31.05231190	45.40883514	0.00195312		1314		405		0
102	30.83858507	43.34366799	0.00195312		1327		409		0
103	30.63371424	41.37806140	0.00195312		1340		413		0
104	30.43693042	39.50745848	0.00195312		1353		417		0
105	30.24753486	37.72751897	0.00195312		1366		421		0
106	30.06489262	36.03410899	0.00195312		1379		425		0
107	29.88842673	34.42329116	0.00195312		1392		429		0
108	29.71761287	32.89131526	0.00195312		1405		433		0
109	29.55197458	31.43460921	0.00195312		1418		437		0
110	29.39107885	30.04977041	0.00195312		1431		441		0
111	29.23453215	28.73355756	0.00195312		1444		445		0
112	29.08197684	27.48288262	0.00195312		1457		449		0
113	28.93308785	26.29480325	0.00195312		1470		453		0
114	28.78756971	25.16651545	0.00195312		1483		457		0
115	28.64515386	24.09534652	0.00195312		1496		461		0
116	28.50559614	23.07874826	0.00195312		1509		465		0
117	28.36867463	22.11429043	0.00195312		1522		469		0
118	28.23418755	21.19965442	0.00195312		1535		473		0
119	28.10195142	20.33262721	0.00195312		1548		477		0
120	27.97179945	19.51109543	0.00195312		1561		481		0
121	27.84357992	18.73303976	0.00195312		1574		485		0
122	27.71715488	17.99652948	0.00195312		1587		489		0
123	27.59239885	17.29971718	0.00195312		1600		493		0
124	27.46919767	16.64083376	0.00195312		1613		497		0
125	27.34744751	16.01818363	0.00195312		1626		501		0
126	27.22705387	15.43014009	0.00195312		1639		505		0
127	27.10793077	14.87514098	0.00195312		1652		509		0
128	26.98999993	14.35168456	0.00195312		1665		513		0
129	26.87319012	13.85832570	0.00195312		1678		517		0
130	26.75743645	13.39367225	0.00195312		1691		521		0
131	26.64267985	12.95638176	0.00195312		1704		525		0
132	26.52886650	12.54515852	0.00195312		1717		529		0
133	26.41594736	12.15875086	0.00195312		1730		533		0
134	26.30387773	11.79594879	0.00195312		1743		537		0
135	26.19261688	11.45558196	0.00195312		1756		541		0
136	26.08212763	11.13651794	0.00195312		1769		545		0
137	25.97237609	10.83766081	0.00195312		1782		549		0
138	25.86333131	10.55795003	0.00195312		1795		553		0
139	25.75496504	10.29635961	0.00195312		1808		557		0
140	25.73823195	22.20456959	0.00390625		1820		561		0
141	25.61360368	21.27435493	0.00195312		1833		565		0
142	25.49122511	20.39210508	0.00195312		1846		569		0
143	25.37092600	19.55568899	0.00195312		1859		573		0
144	25.25255159	18.76307186	0.00195312		1872		577		0
145	25.13596114	18.01230972	0.00195312		1885		581		0
146	25.02102665	17.30154421	0.00195312		1898		585		0
147	24.90763171	16.62899752	0.00195312		1911		589		0
148	24.79567043	15.99296753	0.00195312		1924		593		0
149	24.68504645	15.39182325	0.00195312		1937		597		0
150	24.57567215	14.82400029	0.00195312		1950		601		0
151	24.46746774	14.28799676	0.00195312		1963		605		0
152	24.36036064	13.78236920	0.00195312		1976		609		0
153	24.25428476	13.30572894	0.00195312		1989		613		0
154	24.14917993	12.85673856	0.00195312		2002		617		0
155	24.04499136	12.43410871	0.00195312		2015		621		0
156	23.94166914	12.03659522	0.00195312		2028		625		0
157	23.83916780	11.66299642	0.00195312		2041		629		0
158	23.73744589	11.31215088	0.00195312		2054		633		0
159	23.63646564	10.98293535	0.00195312		2067		637		0
160	23.53619258	10.67426303	0.00195312		2080		641		0
161	23.43659531	10.38508222	0.00195312		2093		645		0
162	23.33764512	10.11437511	0.00195312		2106		649		0
163	23.23931585	9.86115697	0.00195312		2119		653		0
164	23.22823992	21.36405330	0.00390625		2131		657		0
165	23.11479300	20.46688749	0.00195312		2144		661		0
166	23.00342522	19.61589886	0.00195312		2157		665		0
167	22.89397865	18.80903524	0.00195312		2170		669		0
168	22.78630968	18.04433739	0.00195312		2183		673		0
169	22.68028774	17.31993382	0.00195312		2196		677		0
170	22.57579408	16.63403573	0.00195312		2209		681		0
171	22.47272069	15.98493220	0.00195312		2222		685		0
172	22.37096934	15.37098549	0.00195312		2235		689		0
173	22.27045066	14.79062662	0.00195312		2248		693		0
174	22.17108333	14.24235107	0.00195312		2261		697		0
175	22.07279338	13.72471476	0.00195312		2274		701		0
176	21.97551344	13.23633019	0.00195312		2287		705		0
177	21.87918225	12.77586283	0.00195312		2300		709		0
178	21.78374397	12.34202778	0.00195312		2313		713		0
179	21.68914781	11.93358661	0.00195312		2326		717		0
180	21.59534747	11.54934455	0.00195312		2339		721		0
181	21.50230079	11.18814792	0.00195312		2352		725		0
182	21.40996934	10.84888184	0.00195312		2365		729		0
183	21.31831808	10.53046821	0.00195312		2378		733		0
184	21.22731509	10.23186405	0.00195312		2391		737		0
185	21.13693122	9.95206007	0.00195312		2404		741		0
186	21.04713989	9.69007949	0.00195312		2417		745		0
187	20.95791683	9.44497719	0.00195312		2430		749		0
188	20.95167617	20.55587319	0.00390625		2442		753		0
189	20.84839989	19.69060243	0.00195312		2455		757		0
190	20.74704527	18.86978802	0.00195312		2468		761		0
191	20.64746578	18.09145367	0.00195312		2481		765		0
192	20.54952819	17.35371286	0.00195312		2494		769		0
193	20.45311135	16.65476379	0.00195312		2507		773		0
194	20.35810509	15.99288456	0.00195312		2520		777		0
195	20.26440920	15.36642852	0.00195312		2533		781		0
196	20.17193256	14.77381980	0.00195312		2546		785		0
197	20.08059224	14.21354898	0.00195312		2559		789		0
198	19.99031282	13.68416904	0.00195312		2572		793		0
199	19.90102568	13.18429140	0.00195312		2585		797		0
200	19.81266834	12.71258224	0.00195312		2598		801		0
201	19.72518395	12.26775901	0.00195312		2611		805		0
202	19.63852075	11.84858715	0.00195312		2624		809		0
203	19.55263161	11.45387709	0.00195312		2637		813		0
204	19.46747361	11.08248144	0.00195312		2650		817		0
205	19.38300764	10.73329252	0.00195312		2663		821		0
206	19.29919807	10.40524009	0.00195312		2676		825		0
207	19.21601242	10.09728938	0.00195312		2689		829		0
208	19.13342108	9.80843942	0.00195312		2702		833		0
209	19.05139703	9.53772162	0.00195312		2715		837		0
210	18.96991564	9.28419860	0.00195312		2728		841		0
211	18.88895441	9.04696328	0.00195312		2741		845		0
212	18.88682494	19.77875688	0.00390625		2753		849		0
213	18.79280050	18.94426658	0.00195312		2766		853		0
214	18.70055231	18.15257609	0.00195312		2779		857		0
215	18.60994443	17.40178217	0.00195312		2792		861		0
216	18.52085322	16.69006824	0.00195312		2805		865		0
217	18.43316629	16.01569953	0.00195312		2818		869		0
218	18.34678143	15.37701847	0.00195312		2831		873		0
219	18.26160567	14.77244020	0.00195312		2844		877		0
220	18.17755446	14.20044828	0.00195312		2857		881		0
221	18.09455089	13.65959055	0.00195312		2870		885		0
222	18.01252498	13.14847516	0.00195312		2883		889		0
223	17.93141307	12.66576685	0.00195312		2896		893		0
224	17.85115722	12.21018330	0.00195312		2909		897		0
225	17.77170470	11.78049184	0.00195312		2922		901		0
226	17.69300749	11.37550621	0.00195312		2935		905		0
227	17.61502188	10.99408368	0.00195312		2948		909		0
228	17.53770806	10.63512231	0.00195312		2961		913		0
229	17.46102978	10.29755852	0.00195312		2974		917		0
230	17.38495398	9.98036490	0.00195312		2987		921		0
231	17.30945056	9.68254822	0.00195312		3000		925		0
232	17.23449205	9.40314782	0.00195312		3013		929		0
233	17.16005342	9.14123416	0.00195312		3026		933		0
234	17.08611182	8.89590765	0.00195312		3039		937		0
235	17.01264641	8.66629778	0.00195312		3052		941		0
236	16.93963815	8.45156234	0.00195312		3065		945		0
237	16.92838330	18.22669705	0.00390625		3077		949		0
238	16.84441741	17.46311572	0.00195312		3090		953		0
239	16.76196735	16.73890663	0.00195312		3103		957		0
240	16.68091841	16.05232047	0.00195312		3116		961		0
241	16.60116633	15.40168696	0.00195312		3129		965		0
242	16.52261625	14.78541041	0.00195312		3142		969		0
243	16.44518194	14.20196534	0.00195312		3155		973		0
244	16.36878496	13.64989244	0.00195312		3168		977		0
245	16.29335394	13.12779452	0.00195312		3181		981		0
246	16.21882399	12.63433278	0.00195312		3194		985		0
247	16.14513604	12.16822309	0.00195312		3207		989		0
248	16.07223634	11.72823260	0.00195312		3220		993		0
249	16.00007598	11.31317649	0.00195312		3233		997		0
250	15.92861043	10.92191484	0.00195312		3246		1001		0
251	15.85779915	10.55334984	0.00195312		3259		1005		0
252	15.78760522	10.20642314	0.00195312		3272		1009		0
253	15.71799501	9.88011347	0.00195312		3285		1013		0
254	15.64893787	9.57343446	0.00195312		3298		1017		0
255	15.58040589	9.28543274	0.00195312		3311		1021		0
256	15.51237361	9.01518630	0.00195312		3324		1025		0
257	15.44481781	8.76180307	0.00195312		3337		1029		0
258	15.37771732	8.52441975	0.00195312		3350		1033		0
259	15.31105281	8.30220090	0.00195312		3363		1037		0
260	15.24480665	8.09433820	0.00195312		3376		1041		0
261	15.23736178	17.53675912	0.00390625		3388		1045		0
262	15.16092907	16.80030657	0.00195312		3401		1049		0
263	15.08589728	16.10175886	0.00195312		3414		1053		0
264	15.01215998	15.43943145	0.00195312		3427		1057		0
265	14.93962041	14.81171608	0.00195312		3440		1061		0
266	14.86819059	14.21707654	0.00195312		3453		1065		0
267	14.79779052	13.65404447	0.00195312		3466		1069		0
268	14.72834740	13.12121546	0.00195312		3479		1073		0
269	14.65979505	12.61724515	0.00195312		3492		1077		0
270	14.59207325	12.14084566	0.00195312		3505		1081		0
271	14.52512721	11.69078198	0.00195312		3518		1085		0
272	14.45890708	11.26586876	0.00195312		3531		1089		0
273	14.39336748	10.86496705	0.00195312		3544		1093		0
274	14.32846712	10.48698142	0.00195312		3557		1097		0
275	14.26416838	10.13085716	0.00195312		3570		1101		0
276	14.20043704	9.79557771	0.00195312		3583		1105		0
277	14.13724190	9.48016235	0.00195312		3596		1109		0
278	14.07455454	9.18366409	0.00195312		3609		1113		0
279	14.01234908	8.90516778	0.00195312		3622		1117		0
280	13.95060191	8.64378849	0.00195312		3635		1121		0
281	13.88929151	8.39867010	0.00195312		3648		1125		0
282	13.82839826	8.16898412	0.00195312		3661		1129		0
283	13.76790423	7.95392879	0.00195312		3674		1133		0
284	13.70779307	7.75272831	0.00195312		3687		1137		0
285	13.70360457	16.87336419	0.00390625		3699		1141		0
286	13.63402410	16.16309330	0.00195312		3712		1145		0
287	13.56573844	15.48931468	0.00195312		3725		1149		0
288	13.49864886	14.85040611	0.00195312		3738		1153		0
289	13.43266557	14.24481900	0.00195312		3751		1157		0
290	13.36770694	13.67107434	0.00195312		3764		1161		0
291	13.30369875	13.12775870	0.00195312		3777		1165		0
292	13.24057347	12.61352042	0.00195312		3790		1169		0
293	13.17826969	12.12706593	0.00195312		3803		1173		0
294	13.11673155	11.66715623	0.00195312		3816		1177		0
295	13.05590824	11.23260353	0.00195312		3829		1181		0
296	12.99575349	10.82226800	0.00195312		3842		1185		0
297	12.93622522	10.43505479	0.00195312		3855		1189		0
298	12.87728513	10.06991112	0.00195312		3868		1193		0
299	12.81889833	9.72582360	0.00195312		3881		1197		0
300	12.76103308	9.40181578	0.00195312		3894		1201		0
301	12.70366044	9.09694583	0.00195312		3907		1205		0
302	12.64675407	8.81030452	0.00195312		3920		1209		0
303	12.59028995	8.54101334	0.00195312		3933		1213		0
304	12.53424622	8.28822293	0.00195312		3946		1217		0
305	12.47860290	8.05111164	0.00195312		3959		1221		0
306	12.42334180	7.82888442	0.00195312		3972		1225		0
307	12.36844632	7.62077181	0.00195312		3985		1229		0
308	12.31390130	7.42602926	0.00195312		3998		1233		0
309	12.31248142	16.23546786	0.00390625		4010		1237		0
310	12.24913418	15.55046367	0.00195312		4023		1241		0
311	12.18698377	14.90059200	0.00195312		4036		1245		0
312	12.12593859	14.28429054	0.00195312		4049		1249		0
313	12.06591533	13.70006814	0.00195312		4062		1253		0
314	12.00683826	13.14650080	0.00195312		4075		1257		0
315	11.94863851	12.62222790	0.00195312		4088		1261		0
316	11.89125343	12.12594851	0.00195312		4101		1265		0
317	11.83462607	11.65641783	0.00195312		4114		1269		0
318	11.77870458	11.21244386	0.00195312		4127		1273		0
319	11.72344183	10.79288410	0.00195312		4140		1277		0
320	11.66879491	10.39664249	0.00195312		4153		1281		0
321	11.61472478	10.02266646	0.00195312		4166		1285		0
322	11.56119591	9.66994415	0.00195312		4179		1289		0
323	11.50817596	9.33750184	0.00195312		4192		1293		0
324	11.45563546	9.02440152	0.00195312		4205		1297		0
325	11.40354760	8.72973866	0.00195312		4218		1301		0
326	11.35188793	8.45264024	0.00195312		4231		1305		0
327	11.30063421	8.19226291	0.00195312		4244		1309		0
328	11.24976612	7.94779139	0.00195312		4257		1313		0
329	11.19926518	7.71843713	0.00195312		4270		1317		0
330	11.14911451	7.50343712	0.00195312		4283		1321		0
331	11.09929873	7.30205296	0.00195312		4296		1325		0
332	11.04980377	7.11357007	0.00195312		4309		1329		0
333	11.00061682	6.93729715	0.00195312		4322		1333		0
334	10.99304671	14.96144675	0.00390625		4334		1337		0
335	10.93647631	14.33464901	0.00195312		4347		1341		0
336	10.88092727	13.74017024	0.00195312		4360		1345		0
337	10.82632230	13.17657449	0.00195312		4373		1349		0
338	10.77259113	12.64249071	0.00195312		4386		1353		0
339	10.71966986	12.13660905	0.00195312		4399		1357		0
340	10.66750038	11.65767733	0.00195312		4412		1361		0
341	10.61602983	11.20449766	0.00195312		4425		1365		0
342	10.56521015	10.77592317	0.00195312		4438		1369		0
343	10.51499758	10.37085486	0.00195312		4451		1373		0
344	10.46535233	9.98823869	0.00195312		4464		1377		0
345	10.41623820	9.62706267	0.00195312		4477		1381		0
346	10.36762221	9.28635422	0.00195312		4490		1385		0
347	10.31947437	8.96517766	0.00195312		4503		1389		0
348	10.27176736	8.66263186	0.00195312		4516		1393		0
349	10.22447629	8.37784806	0.00195312		4529		1397		0
350	10.17757852	8.10998797	0.00195312		4542		1401		0
351	10.13105339	7.85824193	0.00195312		4555		1405		0
352	10.08488210	7.62182738	0.00195312		4568		1409		0
353	10.03904748	7.39998749	0.00195312		4581		1413		0
354	9.99353390	7.19199002	0.00195312		4594		1417		0
355	9.94832708	6.99712634	0.00195312		4607		1421		0
356	9.90341401	6.81471067	0.00195312		4620		1425		0
357	9.85878280	6.64407952	0.00195312		4633		1429		0
358	9.85377863	14.39511109	0.00390625		4645		1433		0
359	9.80228355	13.79058253	0.00195312		4658		1437		0
360	9.75173239	13.21716840	0.00195312		4671		1441		0
361	9.70205346	12.67348594	0.00195312		4684		1445		0
362	9.65318154	12.15821501	0.00195312		4697		1449		0
363	9.60505737	11.67009457	0.00195312		4710		1453		0
364	9.55762701	11.20791934	0.00195312		4723		1457		0
365	9.51084145	10.77053648	0.00195312		4736		1461		0
366	9.46465607	10.35684248	0.00195312		4749		1465		0
367	9.41903030	9.96578017	0.00195312		4762		1469		0
368	9.37392723	9.59633581	0.00195312		4775		1473		0
369	9.32931325	9.24753638	0.00195312		4788		1477		0
370	9.28515780	8.91844700	0.00195312		4801		1481		0
371	9.24143306	8.60816847	0.00195312		4814		1485		0
372	9.19811367	8.31583503	0.00195312		4827		1489		0
373	9.15517658	8.04061226	0.00195312		4840		1493		0
374	9.11260076	7.78169514	0.00195312		4853		1497		0
375	9.07036707	7.53830633	0.00195312		4866		1501		0
376	9.02845807	7.30969464	0.00195312		4879		1505		0
377	8.98685784	7.09513369	0.00195312		4892		1509		0
378	8.94555190	6.89392072	0.00195312		4905		1513		0
379	8.90452700	6.70537570	0.00195312		4918		1517		0
380	8.86377109	6.52884050	0.00195312		4931		1521		0
381	8.82327314	6.36367831	0.00195312		4944		1525		0
382	8.82046201	13.85056314	0.00390625		4956		1529		0
383	8.77358347	13.26752628	0.00195312		4969		1533		0
384	8.72757737	12.71444435	0.00195312		4982		1537		0
385	8.68237717	12.18998572	0.00195312		4995		1541		0
386	8.63792238	11.69287923	0.00195312		5008		1545		0
387	8.59415800	11.22191081	0.00195312		5021		1549		0
388	8.55103401	10.77592026	0.00195312		5034		1553		0
389	8.50850492	10.35379805	0.00195312		5047		1557		0
390	8.46652934	9.95448234	0.00195312		5060		1561		0
391	8.42506964	9.57695611	0.00195312		5073		1565		0
392	8.38409157	9.22024435	0.00195312		5086		1569		0
393	8.34356397	8.88341143	0.00195312		5099		1573		0
394	8.30345848	8.56555865	0.00195312		5112		1577		0
395	8.26374929	8.26582183	0.00195312		5125		1581		0
396	8.22441289	7.98336914	0.00195312		5138		1585		0
397	8.18542789	7.71739905	0.00195312		5151		1589		0
398	8.14677481	7.46713848	0.00195312		5164		1593		0
399	8.10843587	7.23184109	0.00195312		5177		1597		0
400	8.07039492	7.01078577	0.00195312		5190		1601		0
401	8.03263720	6.80327531	0.00195312		5203		1605		0
402	7.99514927	6.60863528	0.00195312		5216		1609		0
403	7.95791886	6.42621307	0.00195312		5229		1613		0
404	7.92093478	6.25537708	0.00195312		5242		1617		0
405	7.88418684	6.09551615	0.00195312		5255		1621		0
406	7.88324019	13.32694560	0.00390625		5267		1625		0
407	7.84056116	12.76464939	0.00195312		5280		1629		0
408	7.79868854	12.23119193	0.00195312		5293		1633		0
409	7.75756061	11.72529080	0.00195312		5306		1637		0
410	7.71712125	11.24572198	0.00195312		5319		1641		0
411	7.67731942	10.79131656	0.00195312		5332		1645		0
412	7.63810872	10.36095767	0.00195312		5345		1649		0
413	7.59944693	9.95357743	0.00195312		5358		1653		0
414	7.56129568	9.56815406	0.00195312		5371		1657		0
415	7.52362004	9.20370908	0.00195312		5384		1661		0
416	7.48638824	8.85930467	0.00195312		5397		1665		0
417	7.44957138	8.53404114	0.00195312		5410		1669		0
418	7.41314315	8.22705448	0.00195312		5423		1673		0
419	7.37707961	7.93751410	0.00195312		5436		1677		0
420	7.34135896	7.66462074	0.00195312		5449		1681		0
421	7.30596135	7.40760443	0.00195312		5462		1685		0
422	7.27086872	7.16572269	0.00195312		5475		1689		0
423	7.23606459	6.93825892	0.00195312		5488		1693		0
424	7.20153397	6.72452084	0.00195312		5501		1697		0
425	7.16726318	6.52383925	0.00195312		5514		1701		0
426	7.13323976	6.33556688	0.00195312		5527		1705		0
427	7.09945233	6.15907741	0.00195312		5540		1709		0
428	7.06589054	5.99376473	0.00195312		5553		1713		0
429	7.03254490	5.83904229	0.00195312		5566		1717		0
430	6.99940679	5.69434265	0.00195312		5579		1721		0
431	6.99431508	12.28115486	0.00390625		5591		1725		0
432	6.95620187	11.76663809	0.00195312		5604		1729		0
433	6.91877684	11.27865054	0.00195312		5617		1733		0
434	6.88198791	10.81601353	0.00195312		5630		1737		0
435	6.84578775	10.37760162	0.00195312		5643		1741		0
436	6.81013329	9.96233959	0.00195312		5656		1745		0
437	6.77498537	9.56919960	0.00195312		5669		1749		0
438	6.74030839	9.19719834	0.00195312		5682		1753		0
439	6.70606994	8.84539441	0.00195312		5695		1757		0
440	6.67224057	8.51288570	0.00195312		5708		1761		0
441	6.63879344	8.19880698	0.00195312		5721		1765		0
442	6.60570416	7.90232757	0.00195312		5734		1769		0
443	6.57295052	7.62264913	0.00195312		5747		1773		0
444	6.54051231	7.35900361	0.00195312		5760		1777		0
445	6.50837111	7.11065131	0.00195312		5773		1781		0
446	6.47651017	6.87687913	0.00195312		5786		1785		0
447	6.44491422	6.65699895	0.00195312		5799		1789		0
448	6.41356935	6.45034618	0.00195312		5812		1793		0
449	6.38246287	6.25627845	0.00195312		5825		1797		0
450	6.35158323	6.07417453	0.00195312		5838		1801		0
451	6.32091989	5.90343337	0.00195312		5851		1805		0
452	6.29046324	5.74347328	0.00195312		5864		1809		0
453	6.26020450	5.59373137	0.00195312		5877		1813		0
454	6.23013567	5.45366300	0.00195312		5890		1817		0
455	6.22677207	11.81627814	0.00390625		5902		1821		0
456	6.19207824	11.32004144	0.00195312		5915		1825		0
457	6.15802042	10.84934524	0.00195312		5928		1829		0
458	6.12455029	10.40305446	0.00195312		5941		1833		0
459	6.09162393	9.98008546	0.00195312		5954		1837		0
460	6.05920138	9.57940313	0.00195312		5967		1841		0
461	6.02724633	9.20001808	0.00195312		5980		1845		0
462	5.99572572	8.84098402	0.00195312		5993		1849		0
463	5.96460952	8.50139512	0.00195312		6006		1853		0
464	5.93387036	8.18038359	0.00195312		6019		1857		0
465	5.90348339	7.87711731	0.00195312		6032		1861		0
466	5.87342596	7.59079758	0.00195312		6045		1865		0
467	5.84367748	7.32065699	0.00195312		6058		1869		0
468	5.81421920	7.06595745	0.00195312		6071		1873		0
469	5.78503403	6.82598830	0.00195312		6084		1877		0
470	5.75610644	6.60006460	0.00195312		6097		1881		0
471	5.72742227	6.38752557	0.00195312		6110		1885		0
472	5.69896862	6.18773312	0.00195312		6123		1889		0
473	5.67073372	6.00007065	0.00195312		6136		1893		0
474	5.64270687	5.82394192	0.00195312		6149		1897		0
475	5.61487829	5.65877008	0.00195312		6162		1901		0
476	5.58723908	5.50399692	0.00195312		6175		1905		0
477	5.55978109	5.35908222	0.00195312		6188		1909		0
478	5.53249690	5.22350328	0.00195312		6201		1913		0
479	5.53061023	11.36928577	0.00390625		6213		1917		0
480	5.49902669	10.89069094	0.00195312		6226		1921		0
481	5.46803099	10.43668481	0.00195312		6239		1925		0
482	5.43757830	10.00617430	0.00195312		6252		1929		0
483	5.40762787	9.59811597	0.00195312		6265		1933		0
484	5.37814263	9.21151325	0.00195312		6278		1937		0
485	5.34908887	8.84541377	0.00195312		6291		1941		0
486	5.32043595	8.49890678	0.00195312		6304		1945		0
487	5.29215598	8.17112065	0.00195312		6317		1949		0
488	5.26422360	7.86122057	0.00195312		6330		1953		0
489	5.23661573	7.56840618	0.00195312		6343		1957		0
490	5.20931138	7.29190950	0.00195312		6356		1961		0
491	5.18229144	7.03099280	0.00195312		6369		1965		0
492	5.15553851	6.78494674	0.00195312		6382		1969		0
493	5.12903676	6.55308851	0.00195312		6395		1973		0
494	5.10277178	6.33476018	0.00195312		6408		1977		0
495	5.07673042	6.12932717	0.00195312		6421		1981		0
496	5.05090074	5.93617684	0.00195312		6434		1985		0
497	5.02527182	5.75471729	0.00195312		6447		1989		0
498	4.99983373	5.58437622	0.00195312		6460		1993		0
499	4.97457741	5.42460003	0.00195312		6473		1997		0
500	4.94949461	5.27485301	0.00195312		6486		2001		0
501	4.92457777	5.13461675	0.00195312		6499		2005		0
502	4.89982003	5.00338955	0.00195312		6512		2009		0
503	4.89918897	10.93947404	0.00390625		6524		2013		0
504	4.87043475	10.47790455	0.00195312		6537		2017		0
505	4.84222390	10.04000755	0.00195312		6550		2021		0
506	4.81451481	9.62473034	0.00195312		6563		2025		0
507	4.78726967	9.23106817	0.00195312		6576		2029		0
508	4.76045409	8.85806155	0.00195312		6589		2033		0
509	4.73403681	8.50479368	0.00195312		6602		2037		0
510	4.70798939	8.17038797	0.00195312		6615		2041		0
511	4.68228595	7.85400571	0.00195312		6628		2045		0
512	4.65690297	7.55484370	0.00195312		6641		2049		0
513	4.63181905	7.27213214	0.00195312		6654		2053		0
514	4.60701470	7.00513251	0.00195312		6667		2057		0
515	4.58247220	6.75313558	0.00195312		6680		2061		0
516	4.55817542	6.51545958	0.00195312		6693		2065		0
517	4.53410967	6.29144842	0.00195312		6706		2069		0
518	4.51026158	6.08047008	0.00195312		6719		2073		0
519	4.48661897	5.88191512	0.00195312		6732		2077		0
520	4.46317075	5.69519529	0.00195312		6745		2081		0
521	4.43990680	5.51974236	0.00195312		6758		2085		0
522	4.41681792	5.35500702	0.00195312		6771		2089		0
523	4.39389571	5.20045796	0.00195312		6784		2093		0
524	4.37113251	5.05558107	0.00195312		6797		2097		0
525	4.34852132	4.91987883	0.00195312		6810		2101		0
526	4.32605577	4.79286978	0.00195312		6823		2105		0
527	4.30373004	4.67408813	0.00195312		6836		2109		0
528	4.30030533	10.08102808	0.00390625		6848		2113		0
529	4.27462729	9.65867891	0.00195312		6861		2117		0
530	4.24941294	9.25810642	0.00195312		6874		2121		0
531	4.22462720	8.87834308	0.00195312		6887		2125		0
532	4.20023815	8.51846506	0.00195312		6900		2129		0
533	4.17621680	8.17758979	0.00195312		6913		2133		0
534	4.15253675	7.85487352	0.00195312		6926		2137		0
535	4.12917400	7.54950913	0.00195312		6939		2141		0
536	4.10610674	7.26072385	0.00195312		6952		2145		0
537	4.08331510	6.98777719	0.00195312		6965		2149		0
538	4.06078101	6.72995891	0.00195312		6978		2153		0
539	4.03848803	6.48658717	0.00195312		6991		2157		0
540	4.01642120	6.25700663	0.00195312		7004		2161		0
541	3.99456689	6.04058684	0.00195312		7017		2165		0
542	3.97291271	5.83672064	0.00195312		7030		2169		0
543	3.95144736	5.64482267	0.00195312		7043		2173		0
544	3.93016054	5.46432810	0.00195312		7056		2177		0
545	3.90904289	5.29469140	0.00195312		7069		2181		0
546	3.88808587	5.13538528	0.00195312		7082		2185		0
547	3.86728168	4.98589982	0.00195312		7095		2189		0
548	3.84662322	4.84574165	0.00195312		7108		2193		0
549	3.82610403	4.71443330	0.00195312		7121		2197		0
550	3.80571817	4.59151272	0.00195312		7134		2201		0
551	3.78546027	4.47653285	0.00195312		7147		2205		0
552	3.78319941	9.69943396	0.00390625		7159		2209		0
553	3.75982510	9.29209032	0.00195312		7172		2213		0
554	3.73687933	8.90571177	0.00195312		7185		2217		0
555	3.71432954	8.53936657	0.00195312		7198		2221		0
556	3.69214614	8.19216521	0.00195312		7211		2225		0
557	3.67030221	7.86325799	0.00195312		7224		2229		0
558	3.64877326	7.55183280	0.00195312		7237		2233		0
559	3.62753704	7.25711284	0.00195312		7250		2237		0
560	3.60657330	6.97835457	0.00195312		7263		2241		0
561	3.58586360	6.71484567	0.00195312		7276		2245		0
562	3.56539121	6.46590308	0.00195312		7289		2249		0
563	3.54514085	6.23087119	0.00195312		7302		2253		0
564	3.52509866	6.00912008	0.00195312		7315		2257		0
565	3.50525199	5.80004388	0.00195312		7328		2261		0
566	3.48558934	5.60305925	0.00195312		7341		2265		0
567	3.46610024	5.41760397	0.00195312		7354		2269		0
568	3.44677514	5.24313562	0.00195312		7367		2273		0
569	3.42760536	5.07913045	0.00195312		7380		2277		0
570	3.40858297	4.92508233	0.00195312		7393		2281		0
571	3.38970076	4.78050183	0.00195312		7406		2285		0
572	3.37095213	4.64491545	0.00195312		7419		2289		0
573	3.35233109	4.51786499	0.00195312		7432		2293		0
574	3.33383215	4.39890702	0.00195312		7445		2297		0
575	3.31545031	4.28761248	0.00195312		7458		2301		0
576	3.31418410	9.33252011	0.00390625		7470		2305		0
577	3.29290528	8.93965814	0.00195312		7483		2309		0
578	3.27202255	8.56697996	0.00195312		7496		2313		0
579	3.25150569	8.21358831	0.00195312		7509		2317		0
580	3.23132725	7.87862669	0.00195312		7522		2321		0
581	3.21146224	7.56127704	0.00195312		7535		2325		0
582	3.19188797	7.26075760	0.00195312		7548		2329		0
583	3.17258378	6.97632078	0.00195312		7561		2333		0
584	3.15353087	6.70725112	0.00195312		7574		2337		0
585	3.13471216	6.45286333	0.00195312		7587		2341		0
586	3.11611211	6.21250046	0.00195312		7600		2345		0
587	3.09771655	5.98553209	0.00195312		7613		2349		0
588	3.07951263	5.77135268	0.00195312		7626		2353		0
589	3.06148861	5.56937995	0.00195312		7639		2357		0
590	3.04363383	5.37905343	0.00195312		7652		2361		0
591	3.02593858	5.19983305	0.00195312		7665		2365		0
592	3.00839400	5.03119792	0.00195312		7678		2369		0
593	2.99099204	4.87264518	0.00195312		7691		2373		0
594	2.97372534	4.72368894	0.00195312		7704		2377		0
595	2.95658723	4.58385945	0.00195312		7717		2381		0
596	2.93957158	4.45270230	0.00195312		7730		2385		0
597	2.92267283	4.32977775	0.00195312		7743		2389		0
598	2.90588591	4.21466026	0.00195312		7756		2393		0
599	2.88920618	4.10693803	0.00195312		7769		2397		0
600	2.88878555	8.97970892	0.00390625		7781		2401		0
601	2.86941292	8.60082252	0.00195312		7794		2405		0
602	2.85040641	8.24136783	0.00195312		7807		2409		0
603	2.83173799	7.90048075	0.00195312		7820		2413		0
604	2.81338217	7.57733651	0.00195312		7833		2417		0
605	2.79531579	7.27114751	0.00195312		7846		2421		0
606	2.77751777	6.98116119	0.00195312		7859		2425		0
607	2.75996896	6.70665800	0.00195312		7872		2429		0
608	2.74265192	6.44694948	0.00195312		7885		2433		0
609	2.72555080	6.20137631	0.00195312		7898		2437		0
610	2.70865118	5.96930662	0.00195312		7911		2441		0
611	2.69193993	5.75013417	0.00195312		7924		2445		0
612	2.67540511	5.54327680	0.00195312		7937		2449		0
613	2.65903585	5.34817489	0.00195312		7950		2453		0
614	2.64282225	5.16428988	0.00195312		7963		2457		0
615	2.62675531	4.99110298	0.00195312		7976		2461		0
616	2.61082681	4.82811393	0.00195312		7989		2465		0
617	2.59502928	4.67483988	0.00195312		8002		2469		0
618	2.57935591	4.53081440	0.00195312		8015		2473		0
619	2.56380050	4.39558658	0.00195312		8028		2477		0
620	2.54835738	4.26872031	0.00195312		8041		2481		0
621	2.53302139	4.14979359	0.00195312		8054		2485		0
622	2.51778782	4.03839804	0.00195312		8067		2489		0
623	2.50265238	3.93413844	0.00195312		8080		2493		0
624	2.48761115	3.83663247	0.00195312		8093		2497		0
625	2.48530768	8.27504648	0.00390625		8105		2501		0
626	2.46800760	7.92835452	0.00195312		8118		2505		0
627	2.45101994	7.59953810	0.00195312		8131		2509		0
628	2.43432108	7.28780300	0.00195312		8144		2513		0
629	2.41788951	6.99239090	0.00195312		8157		2517		0
630	2.40170569	6.71257732	0.00195312		8170		2521		0
631	2.38575183	6.44766969	0.00195312		8183		2525		0
632	2.37001177	6.19700545	0.00195312		8196		2529		0
633	2.35447080	5.95995029	0.00195312		8209		2533		0
634	2.33911554	5.73589636	0.00195312		8222		2537		0
635	2.32393381	5.52426068	0.00195312		8235		2541		0
636	2.30891454	5.32448355	0.00195312		8248		2545		0
637	2.29404764	5.13602703	0.00195312		8261		2549		0
638	2.27932394	4.95837364	0.00195312		8274		2553		0
639	2.26473507	4.79102496	0.00195312		8287		2557		0
640	2.25027343	4.63350053	0.00195312		8300		2561		0
641	2.23593208	4.48533669	0.00195312		8313		2565		0
642	2.22170471	4.34608566	0.00195312		8326		2569		0
643	2.20758557	4.21531463	0.00195312		8339		2573		0
644	2.19356940	4.09260501	0.00195312		8352		2577		0
645	2.17965142	3.97755183	0.00195312		8365		2581		0
646	2.16582726	3.86976318	0.00195312		8378		2585		0
647	2.15209295	3.76885977	0.00195312		8391		2589		0
648	2.13844484	3.67447464	0.00195312		8404		2593		0
649	2.13692520	7.96181488	0.00390625		8416		2597		0
650	2.12117720	7.62744051	0.00195312		8429		2601		0
651	2.10571795	7.31027546	0.00195312		8442		2605		0
652	2.09052551	7.00955491	0.00195312		8455		2609		0
653	2.07557994	6.72454871	0.00195312		8468		2613		0
654	2.06086310	6.45455938	0.00195312		8481		2617		0
655	2.04635849	6.19892028	0.00195312		8494		2621		0
656	2.03205112	5.95699378	0.00195312		8507		2625		0
657	2.01792734	5.72816954	0.00195312		8520		2629		0
658	2.00397473	5.51186285	0.00195312		8533		2633		0
659	1.99018201	5.30751302	0.00195312		8546		2637		0
660	1.97653889	5.11458189	0.00195312		8559		2641		0
661	1.96303603	4.93255240	0.00195312		8572		2645		0
662	1.94966491	4.76092720	0.00195312		8585		2649		0
663	1.93641778	4.59922749	0.00195312		8598		2653		0
664	1.92328758	4.44699174	0.00195312		8611		2657		0
665	1.91026788	4.30377474	0.00195312		8624		2661		0
666	1.89735283	4.16914656	0.00195312		8637		2665		0
667	1.88453708	4.04269174	0.00195312		8650		2669		0
668	1.87181578	3.92400853	0.00195312		8663		2673		0
669	1.85918448	3.81270829	0.00195312		8676		2677		0
670	1.84663915	3.70841489	0.00195312		8689		2681		0
671	1.83417608	3.61076435	0.00195312		8702		2685		0
672	1.82179191	3.51940448	0.00195312		8715		2689		0
673	1.82094213	7.66063353	0.00390625		8727		2693		0
674	1.80660592	7.33814669	0.00195312		8740		2697		0
675	1.79253659	7.03222786	0.00195312		8753		2701		0
676	1.77871379	6.74214051	0.00195312		8766		2705		0
677	1.76511901	6.46718155	0.00195312		8779		2709		0
678	1.75173542	6.20667950	0.00195312		8792		2713		0
679	1.73854772	5.95999264	0.00195312		8805		2717		0
680	1.72554200	5.72650730	0.00195312		8818		2721		0
681	1.71270559	5.50563620	0.00195312		8831		2725		0
682	1.70002698	5.29681681	0.00195312		8844		2729		0
683	1.68749570	5.09950987	0.00195312		8857		2733		0
684	1.67510220	4.91319791	0.00195312		8870		2737		0
685	1.66283782	4.73738386	0.00195312		8883		2741		0
686	1.65069466	4.57158977	0.00195312		8896		2745		0
687	1.63866552	4.41535557	0.00195312		8909		2749		0
688	1.62674387	4.26823795	0.00195312		8922		2753		0
689	1.61492374	4.12980934	0.00195312		8935		2757		0
690	1.60319970	3.99965697	0.00195312		8948		2761		0
691	1.59156679	3.87738200	0.00195312		8961		2765		0
692	1.58002052	3.76259885	0.00195312		8974		2769		0
693	1.56855677	3.65493450	0.00195312		8987		2773		0
694	1.55717177	3.55402802	0.00195312		9000		2777		0
695	1.54586212	3.45953009	0.00195312		9013		2781		0
696	1.53462469	3.37110270	0.00195312		9026		2785		0
697	1.53434435	7.37102827	0.00390625		9038		2789		0
698	1.52129240	7.06001355	0.00195312		9051		2793		0
699	1.50848713	6.76494948	0.00195312		9064		2797		0
700	1.49590967	6.48512674	0.00195312		9077		2801		0
701	1.48354284	6.21986834	0.00195312		9090		2805		0
702	1.47137102	5.96852775	0.00195312		9103		2809		0
703	1.45938003	5.73048723	0.00195312		9116		2813		0
704	1.44755695	5.50515615	0.00195312		9129		2817		0
705	1.43589004	5.29196937	0.00195312		9142		2821		0
706	1.42436860	5.09038569	0.00195312		9155		2825		0
707	1.41298294	4.89988642	0.00195312		9168		2829		0
708	1.40172419	4.71997396	0.00195312		9181		2833		0
709	1.39058432	4.55017042	0.00195312		9194		2837		0
710	1.37955600	4.39001645	0.00195312		9207		2841		0
711	1.36863256	4.23906996	0.00195312		9220		2845		0
712	1.35780793	4.09690512	0.00195312		9233		2849		0
713	1.34707658	3.96311128	0.00195312		9246		2853		0
714	1.33643348	3.83729211	0.00195312		9259		2857		0
715	1.32587403	3.71906473	0.00195312		9272		2861		0
716	1.31539405	3.60805903	0.00195312		9285		2865		0
717	1.30498974	3.50391702	0.00195312		9298		2869		0
718	1.29465760	3.40629231	0.00195312		9311		2873		0
719	1.28439447	3.31484968	0.00195312		9324		2877		0
720	1.27419746	3.22926473	0.00195312		9337		2881		0
721	1.26406391	3.14922363	0.00195312		9350		2885		0
722	1.26251460	6.79260030	0.00390625		9362		2889		0
723	1.25085900	6.50801275	0.00195312		9375		2893		0
724	1.23941392	6.23809846	0.00195312		9388		2897		0
725	1.22816342	5.98220549	0.00195312		9401		2901		0
726	1.21709302	5.73971135	0.00195312		9414		2905		0
727	1.20618955	5.51002136	0.00195312		9427		2909		0
728	1.19544102	5.29256701	0.00195312		9440		2913		0
729	1.18483655	5.08680445	0.00195312		9453		2917		0
730	1.17436623	4.89221298	0.00195312		9466		2921		0
731	1.16402103	4.70829367	0.00195312		9479		2925		0
732	1.15379276	4.53456797	0.00195312		9492		2929		0
733	1.14367394	4.37057645	0.00195312		9505		2933		0
734	1.13365779	4.21587754	0.00195312		9518		2937		0
735	1.12373812	4.07004647	0.00195312		9531		2941		0
736	1.11390930	3.93267412	0.00195312		9544		2945		0
737	1.10416620	3.80336610	0.00195312		9557		2949		0
738	1.09450416	3.68174182	0.00195312		9570		2953		0
739	1.08491890	3.56743372	0.00195312		9583		2957		0
740	1.07540657	3.46008653	0.00195312		9596		2961		0
741	1.06596361	3.35935667	0.00195312		9609		2965		0
742	1.05658681	3.26491170	0.00195312		9622		2969		0
743	1.04727323	3.17642994	0.00195312		9635		2973		0
744	1.03802018	3.09360005	0.00195312		9648		2977		0
745	1.02882520	3.01612082	0.00195312		9661		2981		0
746	1.02780379	6.53548409	0.00390625		9673		2985		0
