Iter	fval		||grad||	alpha
0	24.20000000	232.86768775	0.00000000
1	5.10111266	43.89852092	0.00097656
2	4.17417078	11.09431292	0.00123885
3	4.16571510	10.69869068	0.00188275
4	4.15004415	9.13218409	0.00014775
5	4.12451226	5.78157264	0.00037582
6	4.10999246	3.67589942	0.00152764
7	4.10580008	4.33141330	0.00214913
8	4.09901957	2.77517117	0.00044692
9	4.09273306	2.49403896	0.00176081
10	4.08661393	2.60141408	0.00202131
11	4.08043468	2.41645338	0.00180843
12	4.07422645	2.61615271	0.00211646
13	4.06799721	2.42431870	0.00181414
14	4.06175224	2.61699194	0.00211975
15	4.05548172	2.42610785	0.00182371
16	4.04919370	2.61929286	0.00213066
17	4.04288018	2.42857748	0.00183306
18	4.03654895	2.62145448	0.00214091
19	4.03019179	2.43102252	0.00184261
20	4.02381655	2.62364131	0.00215137
21	4.01741498	2.43351535	0.00185232
22	4.01099497	2.62583739	0.00216197
23	4.00454820	2.43604910	0.00186221
24	3.99808263	2.62804519	0.00217270
25	3.99158987	2.43862504	0.00187228
26	3.98507792	2.63026533	0.00218358
27	3.97853833	2.44124360	0.00188253
28	3.97197916	2.63249860	0.00219461
29	3.96539189	2.44390534	0.00189296
30	3.95878465	2.63474582	0.00220580
31	3.95214883	2.44661085	0.00190359
32	3.94549261	2.63700781	0.00221715
33	3.93880733	2.44936074	0.00191441
34	3.93210123	2.63928540	0.00222866
35	3.92536557	2.45215564	0.00192543
36	3.91860863	2.64157943	0.00224034
37	3.91182162	2.45499623	0.00193666
38	3.90501288	2.64389078	0.00225220
39	3.89817354	2.45788322	0.00194809
40	3.89131199	2.64622031	0.00226424
41	3.88441929	2.46081734	0.00195975
42	3.87750391	2.64856892	0.00227646
43	3.87055680	2.46379938	0.00197162
44	3.86358651	2.65093754	0.00228888
45	3.85658391	2.46683014	0.00198373
46	3.84955760	2.65332709	0.00230150
47	3.84249839	2.46991047	0.00199607
48	3.83541493	2.65573852	0.00231432
49	3.82829794	2.47304127	0.00200865
50	3.82115616	2.65817282	0.00232736
51	3.81398021	2.47622348	0.00202148
52	3.80677889	2.66063097	0.00234061
53	3.79954273	2.47945805	0.00203457
54	3.79228062	2.66311400	0.00235410
55	3.78498298	2.48274603	0.00204792
56	3.77765877	2.66562295	0.00236781
57	3.77029833	2.48608847	0.00206155
58	3.76291069	2.66815889	0.00238177
59	3.75548608	2.48948650	0.00207545
60	3.74803361	2.67072293	0.00239599
61	3.74054341	2.49294128	0.00208965
62	3.73302468	2.67331619	0.00241046
63	3.72546743	2.49645405	0.00210414
64	3.71788094	2.67593982	0.00242519
65	3.71025512	2.50002608	0.00211894
66	3.70259933	2.67859501	0.00244021
67	3.69490337	2.50365871	0.00213406
68	3.68717667	2.68128300	0.00245552
69	3.67940894	2.50735335	0.00214950
70	3.67160968	2.68400503	0.00247112
71	3.66376848	2.51111147	0.00216529
72	3.65589494	2.68676240	0.00248703
73	3.64797851	2.51493460	0.00218143
74	3.64002890	2.68955645	0.00250326
75	3.63203542	2.51882437	0.00219793
76	3.62400788	2.69238856	0.00251982
77	3.61593545	2.52278245	0.00221481
78	3.60782805	2.69526014	0.00253673
79	3.59967471	2.52681063	0.00223208
80	3.59148543	2.69817267	0.00255400
81	3.58324913	2.53091074	0.00224976
82	3.57497589	2.70112765	0.00257163
83	3.56665450	2.53508473	0.00226785
84	3.55829513	2.70412666	0.00258965
85	3.54988642	2.53933465	0.00228638
86	3.54143865	2.70717131	0.00260807
87	3.53294031	2.54366262	0.00230537
88	3.52440179	2.71026329	0.00262691
89	3.51581142	2.54807090	0.00232482
90	3.50717968	2.71340434	0.00264618
91	3.49849476	2.55256184	0.00234476
92	3.48976724	2.71659625	0.00266590
93	3.48098514	2.55713791	0.00236521
94	3.47215916	2.71984090	0.00268609
95	3.46327714	2.56180170	0.00238620
96	3.45434990	2.72314023	0.00270676
97	3.44536511	2.56655596	0.00240773
98	3.43633368	2.72649625	0.00272795
99	3.42724312	2.57140355	0.00242983
100	3.41810444	2.72991108	0.00274967
101	3.40890498	2.57634750	0.00245254
102	3.39965584	2.73338687	0.00277194
103	3.39034420	2.58139098	0.00247588
104	3.38098125	2.73692592	0.00279479
105	3.37155399	2.58653735	0.00249986
106	3.36207371	2.74053058	0.00281824
107	3.35252721	2.59179014	0.00252454
108	3.34292591	2.74420332	0.00284233
109	3.33325640	2.59715307	0.00254993
110	3.32353019	2.74794671	0.00286708
111	3.31373370	2.60263008	0.00257607
112	3.30387850	2.75176344	0.00289252
113	3.29395084	2.60822530	0.00260299
114	3.28396237	2.75565630	0.00291868
115	3.27389914	2.61394312	0.00263075
116	3.26377288	2.75962824	0.00294561
117	3.25356945	2.61978818	0.00265936
118	3.24330064	2.76368231	0.00297334
119	3.23295212	2.62576537	0.00268889
120	3.22253575	2.76782171	0.00300190
121	3.21203698	2.63187987	0.00271938
122	3.20146775	2.77204979	0.00303135
123	3.19081329	2.63813720	0.00275088
124	3.18008558	2.77637008	0.00306173
125	3.16926967	2.64454316	0.00278344
126	3.15837755	2.78078623	0.00309308
127	3.14739410	2.65110394	0.00281713
128	3.13633130	2.78530212	0.00312547
129	3.12517383	2.65782610	0.00285201
130	3.11393369	2.78992177	0.00315895
131	3.10259535	2.66471662	0.00288814
132	3.09117079	2.79464942	0.00319358
133	3.07964430	2.67178291	0.00292560
134	3.06802780	2.79948952	0.00322942
135	3.05630541	2.67903287	0.00296447
136	3.04448896	2.80444672	0.00326656
137	3.03256241	2.68647489	0.00300485
138	3.02053748	2.80952591	0.00330506
139	3.00839797	2.69411796	0.00304682
140	2.99615546	2.81473220	0.00334501
141	2.98379359	2.70197162	0.00309048
142	2.97132374	2.82007097	0.00338651
143	2.95872946	2.71004610	0.00313596
144	2.94602187	2.82554782	0.00342965
145	2.93318440	2.71835231	0.00318338
146	2.92022787	2.83116864	0.00347454
147	2.90713566	2.72690193	0.00323286
148	2.89391819	2.83693957	0.00352131
149	2.88055882	2.73570747	0.00328457
150	2.86706749	2.84286700	0.00357007
151	2.85342758	2.74478230	0.00333866
152	2.83964848	2.84895759	0.00362098
153	2.82571362	2.75414079	0.00339531
154	2.81163170	2.85521825	0.00367418
155	2.79738631	2.76379834	0.00345472
156	2.78298533	2.86165610	0.00372985
157	2.76841254	2.77377146	0.00351712
158	2.75367485	2.86827845	0.00378819
159	2.73875637	2.78407790	0.00358275
160	2.72366284	2.87509277	0.00384939
161	2.70837879	2.79473671	0.00365189
162	2.69290857	2.88210657	0.00391369
163	2.67723728	2.80576832	0.00372483
164	2.66136764	2.88932732	0.00398136
165	2.64528547	2.81719468	0.00380193
166	2.62899153	2.89676233	0.00405267
167	2.61247261	2.82903932	0.00388356
168	2.59572712	2.90441851	0.00412794
169	2.57874306	2.84132744	0.00397017
170	2.56151607	2.91230211	0.00420755
171	2.54403568	2.85408595	0.00406225
172	2.52629419	2.92041833	0.00429188
173	2.50828307	2.86734356	0.00416035
174	2.48999064	2.92877085	0.00438138
175	2.47141078	2.88113067	0.00426511
176	2.45252705	2.93736105	0.00447658
177	2.43333637	2.89547938	0.00437727
178	2.41381653	2.94618711	0.00457804
179	2.39396828	2.91042320	0.00449765
180	2.37376246	2.95524268	0.00468641
181	2.35320460	2.92599671	0.00462722
182	2.33225716	2.96451500	0.00480242
183	2.31093168	2.94223492	0.00476709
184	2.28918038	2.97398244	0.00492691
185	2.26702243	2.95917231	0.00491856
186	2.24439755	2.98361091	0.00506080
187	2.22133461	2.97684127	0.00508314
188	2.19775794	2.99334893	0.00520515
189	2.17370882	2.99526987	0.00526257
190	2.14909261	3.00312060	0.00536114
191	2.12396652	3.01447849	0.00545891
192	2.09821235	3.01281564	0.00553007
193	2.07190804	3.03447498	0.00567456
194	2.04490594	3.02227496	0.00571334
195	2.01731107	3.05524767	0.00591234
196	1.98893887	3.03126981	0.00591242
197	1.95993011	3.07675562	0.00617552
198	1.93005364	3.03947124	0.00612877
199	1.89949790	3.09891526	0.00646790
200	1.86797268	3.04640507	0.00636361
201	1.83573062	3.12158312	0.00679380
202	1.80240635	3.05138501	0.00661764
203	1.76833981	3.14453546	0.00715808
204	1.73306968	3.05341298	0.00689041
205	1.69705559	3.16744941	0.00756599
206	1.65971354	3.05103077	0.00717932
207	1.62166813	3.18989928	0.00802297
208	1.58217819	3.04210116	0.00747788
209	1.54209589	3.21140205	0.00853432
210	1.50047799	3.02349289	0.00777308
211	1.45848819	3.23158903	0.00910526
212	1.41492054	2.99065072	0.00804158
213	1.37135765	3.25065781	0.00974233
214	1.32624330	2.93708094	0.00824526
215	1.28170581	3.27036036	0.01045955
216	1.23570364	2.85397519	0.00832846
217	1.19104287	3.29574042	0.01129556
218	1.14499328	2.73090986	0.00822338
219	1.10113352	3.33678123	0.01234926
220	1.05582682	2.56091637	0.00787845
221	1.01333125	3.40462126	0.01381661
222	0.96922774	2.35673551	0.00733223
223	0.92795496	3.49517832	0.01588114
224	0.88523829	2.16016877	0.00675702
225	0.84568266	3.60555888	0.01830847
226	0.80443548	1.94477130	0.00608546
227	0.76410730	3.66125635	0.02181159
228	0.72545210	1.91537186	0.00601698
229	0.70439683	4.21568796	0.02107326
230	0.67218707	2.36117391	0.00236948
231	0.65735561	3.32503525	0.01155478
232	0.63504936	1.86118364	0.00268300
233	0.61729921	2.78237866	0.01287888
234	0.59639259	1.42785286	0.00458564
235	0.55994247	1.77703719	0.02050912
236	0.54712549	2.62306818	0.01154266
237	0.53079063	1.28295896	0.00372560
238	0.49970030	1.32539014	0.01984814
239	0.48365268	4.62225149	0.03539712
240	0.45795748	2.81319059	0.00150222
241	0.44746030	2.54329162	0.00649357
242	0.43466986	1.09218935	0.00324572
243	0.41020922	1.14291345	0.02144469
244	0.39925131	2.58570210	0.01872583
245	0.38704059	0.99484499	0.00327794
246	0.36421517	1.17847653	0.02467518
247	0.36379868	3.25999282	0.01643527
248	0.36297557	3.18271050	0.00007838
249	0.36136973	3.02697136	0.00016251
250	0.35832659	2.71099549	0.00035052
251	0.35297941	2.06548167	0.00082812
252	0.34589304	0.95496335	0.00250676
253	0.33581381	1.59871462	0.01554106
254	0.33489340	2.46445877	0.00788706
255	0.33313636	2.24159684	0.00030309
256	0.32998168	1.79316101	0.00069935
257	0.32531694	0.99910158	0.00196222
258	0.31998762	1.44017188	0.00934626
259	0.31570116	1.27657841	0.00513893
260	0.31170461	1.18615243	0.00526059
261	0.30786819	1.20732896	0.00568113
262	0.30410958	1.14288277	0.00526386
263	0.30046046	1.19367793	0.00575512
264	0.29687911	1.11294021	0.00512204
265	0.29340371	1.18266193	0.00578273
266	0.28998298	1.08186074	0.00496951
267	0.28666439	1.17545475	0.00584529
268	0.28338744	1.04976468	0.00480366
269	0.28020849	1.17225227	0.00594725
270	0.27705854	1.01686839	0.00462669
271	0.27400136	1.17299269	0.00609263
272	0.27096179	0.98382874	0.00444386
273	0.26800821	1.17715874	0.00628064
274	0.26506324	0.95163176	0.00426292
275	0.26219649	1.18380479	0.00650390
276	0.25933225	0.92115476	0.00409128
277	0.25653874	1.19189327	0.00675111
278	0.25374396	0.89272815	0.00393284
279	0.25101338	1.20066088	0.00701357
280	0.24827926	0.86628626	0.00378829
281	0.24560381	1.20964720	0.00728659
282	0.24292351	0.84165473	0.00365687
283	0.24029732	1.21858996	0.00756737
284	0.23766548	0.81858550	0.00353706
285	0.23508379	1.22734274	0.00785526
286	0.23249619	0.79694273	0.00342769
287	0.22995578	1.23585350	0.00814844
288	0.22740894	0.77635466	0.00332658
289	0.22490549	1.24397946	0.00845109
290	0.22239686	0.75733307	0.00323550
291	0.21993362	1.25224097	0.00874769
292	0.21745972	0.73709758	0.00314166
293	0.21500838	1.25768701	0.00910674
294	0.21257420	0.72804692	0.00309947
295	0.21027014	1.27681528	0.00918471
296	0.20784217	0.66959228	0.00282662
297	0.20479790	1.16250402	0.01083059
298	0.20313645	1.15991736	0.00450530
299	0.20114998	0.60961532	0.00246981
300	0.19746411	0.70571778	0.01069058
301	0.19734641	2.24430053	0.01480155
302	0.19711331	2.20040910	0.00004674
303	0.19665649	2.11204587	0.00009629
304	0.19578170	1.93302799	0.00020482
305	0.19419984	1.56667692	0.00046823
306	0.19183079	0.83990205	0.00128896
307	0.19090613	1.38448776	0.00671655
308	0.18939617	0.90656691	0.00096479
309	0.18790169	0.74711436	0.00367447
310	0.18644304	0.90514005	0.00535486
311	0.18498183	0.72534699	0.00356080
312	0.18353929	0.90956117	0.00555457
313	0.18210319	0.71445256	0.00348735
314	0.18069579	0.91167507	0.00562686
315	0.17928552	0.69633298	0.00338664
316	0.17789172	0.91595102	0.00581697
317	0.17650302	0.68631156	0.00332267
318	0.17514216	0.91892848	0.00589653
319	0.17377508	0.66797716	0.00322314
320	0.17241666	0.92314643	0.00612777
321	0.17106830	0.66310427	0.00318802
322	0.16975759	0.92638118	0.00613301
323	0.16842798	0.63718303	0.00305462
324	0.16707475	0.92831433	0.00654974
325	0.16576614	0.65670669	0.00314060
326	0.16455808	0.92986166	0.00606873
327	0.16327190	0.58755933	0.00279435
328	0.16174775	0.89373127	0.00745125
329	0.16060807	0.81499733	0.00381632
330	0.15949092	0.66842600	0.00343162
331	0.15840960	0.80902129	0.00500075
332	0.15731732	0.64158766	0.00330416
333	0.15622693	0.81513241	0.00530706
334	0.15514754	0.64150211	0.00328212
335	0.15409609	0.81467639	0.00524580
336	0.15303491	0.61991817	0.00316847
337	0.15197411	0.81956256	0.00552266
338	0.15092497	0.62096980	0.00315865
339	0.14990712	0.81999414	0.00544155
340	0.14887378	0.59593124	0.00302756
341	0.14782648	0.82401101	0.00581943
342	0.14680495	0.60957680	0.00308484
343	0.14583768	0.82256218	0.00549827
344	0.14483333	0.56515557	0.00285915
345	0.14375453	0.81937072	0.00628898
346	0.14277689	0.63837829	0.00321375
347	0.14191316	0.78334399	0.00479791
348	0.14098532	0.54510570	0.00281516
349	0.13991428	0.77334406	0.00624513
350	0.13903686	0.70023200	0.00358169
351	0.13819705	0.64308716	0.00357893
352	0.13737614	0.67599424	0.00406140
353	0.13655985	0.62831148	0.00359285
354	0.13575290	0.67430332	0.00413547
355	0.13495178	0.62131623	0.00354946
356	0.13416033	0.67177843	0.00415055
357	0.13337411	0.61382282	0.00350750
358	0.13259737	0.66968877	0.00417341
359	0.13182537	0.60629809	0.00346387
360	0.13106270	0.66794863	0.00420021
361	0.13030430	0.59871044	0.00341887
362	0.12955505	0.66656721	0.00423149
363	0.12880962	0.59107606	0.00337263
364	0.12807314	0.66553933	0.00426731
365	0.12734003	0.58341159	0.00332536
366	0.12661569	0.66485495	0.00430773
367	0.12589428	0.57573871	0.00327733
368	0.12518143	0.66449767	0.00435273
369	0.12447110	0.56808223	0.00322882
370	0.12376910	0.66444530	0.00440217
371	0.12306925	0.56046868	0.00318016
372	0.12237749	0.66467073	0.00445586
373	0.12168754	0.55292441	0.00313164
374	0.12100542	0.66514340	0.00451354
375	0.12032481	0.54547387	0.00308358
376	0.11965178	0.66583100	0.00457490
377	0.11897998	0.53813818	0.00303623
378	0.11831551	0.66670114	0.00463962
379	0.11765203	0.53093436	0.00298981
380	0.11699563	0.66772280	0.00470736
381	0.11634000	0.52387498	0.00294449
382	0.11569121	0.66886736	0.00477781
383	0.11504302	0.51696842	0.00290041
384	0.11440141	0.67010916	0.00485070
385	0.11376026	0.51021933	0.00285763
386	0.11312547	0.67142581	0.00492576
387	0.11249101	0.50362928	0.00281621
388	0.11186269	0.67279806	0.00500280
389	0.11123459	0.49719739	0.00277616
390	0.11061242	0.67420967	0.00508161
391	0.10999038	0.49092097	0.00273748
392	0.10937407	0.67564706	0.00516207
393	0.10875783	0.48479601	0.00270014
394	0.10814713	0.67709901	0.00524404
395	0.10753643	0.47881761	0.00266411
396	0.10693110	0.67855628	0.00532744
397	0.10632572	0.47298031	0.00262934
398	0.10572555	0.68001136	0.00541218
399	0.10512529	0.46727834	0.00259579
400	0.10453009	0.68145812	0.00549821
401	0.10393475	0.46170581	0.00256340
402	0.10334433	0.68289165	0.00558550
403	0.10275375	0.45625686	0.00253213
404	0.10216796	0.68430797	0.00567400
405	0.10158198	0.45092570	0.00250191
406	0.10100066	0.68570393	0.00576372
407	0.10041914	0.44570677	0.00247269
408	0.09984216	0.68707704	0.00585462
409	0.09926496	0.44059460	0.00244444
410	0.09869220	0.68842529	0.00594673
411	0.09811920	0.43558432	0.00241709
412	0.09755053	0.68974731	0.00604002
413	0.09698162	0.43067009	0.00239060
414	0.09641695	0.69104132	0.00613456
415	0.09585202	0.42585076	0.00236494
416	0.09529125	0.69230906	0.00623024
417	0.09473022	0.42110830	0.00234000
418	0.09417321	0.69353820	0.00632751
419	0.09361598	0.41649517	0.00231606
420	0.09306287	0.69478307	0.00642455
421	0.09250932	0.41175906	0.00229164
422	0.09195903	0.69577295	0.00652980
423	0.09140932	0.40805220	0.00227346
424	0.09086663	0.69788993	0.00660289
425	0.09031950	0.39977621	0.00222848
426	0.08975893	0.69321157	0.00684671
427	0.08922232	0.41782771	0.00233308
428	0.08876870	0.71357902	0.00614749
429	0.08823235	0.34623215	0.00178171
430	0.08720359	0.38478144	0.00894840
431	0.08698698	1.34803559	0.01389676
432	0.08658276	1.16838040	0.00023840
433	0.08590602	0.79592788	0.00059221
434	0.08526700	0.39472520	0.00213651
435	0.08485883	0.88199905	0.00820265
436	0.08426389	0.44829209	0.00104940
437	0.08402838	0.84410342	0.00592078
438	0.08363736	0.57068080	0.00066109
439	0.08323296	0.39352203	0.00240127
440	0.08280018	0.56815863	0.00522274
441	0.08240354	0.44021621	0.00268138
442	0.08204781	0.54659442	0.00409353
443	0.08166758	0.38254517	0.00238136
444	0.08123238	0.54055630	0.00519649
445	0.08086744	0.48102522	0.00297872
446	0.08052092	0.46277604	0.00315444
447	0.08017849	0.45833219	0.00323607
448	0.07983820	0.45787980	0.00326020
449	0.07950025	0.45596283	0.00324617
450	0.07916434	0.45525348	0.00325106
451	0.07883073	0.45370460	0.00324147
452	0.07849912	0.45264280	0.00324132
453	0.07816977	0.45148462	0.00323703
454	0.07784238	0.45004598	0.00323147
455	0.07751721	0.44930323	0.00323287
456	0.07719395	0.44746182	0.00322151
457	0.07687289	0.44716080	0.00322901
458	0.07655369	0.44488911	0.00321141
459	0.07623665	0.44505781	0.00322545
460	0.07592143	0.44232660	0.00320118
461	0.07560834	0.44299477	0.00322221
462	0.07529704	0.43977300	0.00319078
463	0.07498783	0.44097227	0.00321931
464	0.07468036	0.43722703	0.00318021
465	0.07437496	0.43899098	0.00321676
466	0.07407126	0.43468735	0.00316945
467	0.07376960	0.43705163	0.00321459
468	0.07346960	0.43215261	0.00315848
469	0.07317161	0.43515504	0.00321281
470	0.07287524	0.42962144	0.00314729
471	0.07258086	0.43330208	0.00321144
472	0.07228804	0.42709243	0.00313586
473	0.07199720	0.43149373	0.00321051
474	0.07170789	0.42456416	0.00312417
475	0.07142053	0.42973104	0.00321003
476	0.07113465	0.42203518	0.00311220
477	0.07085070	0.42801512	0.00321005
478	0.07056820	0.41950403	0.00309994
479	0.07028760	0.42634720	0.00321057
480	0.07000841	0.41696926	0.00308736
481	0.06973110	0.42472857	0.00321164
482	0.06945516	0.41442938	0.00307445
483	0.06918108	0.42316059	0.00321328
484	0.06890833	0.41188295	0.00306118
485	0.06863743	0.42164473	0.00321553
486	0.06836780	0.40932851	0.00304754
487	0.06810002	0.42018249	0.00321842
488	0.06783347	0.40676465	0.00303352
489	0.06756873	0.41877547	0.00322198
490	0.06730520	0.40418999	0.00301908
491	0.06704346	0.41742531	0.00322626
492	0.06678288	0.40160322	0.00300422
493	0.06652409	0.41613371	0.00323129
494	0.06626641	0.39900310	0.00298892
495	0.06601050	0.41490238	0.00323712
496	0.06575567	0.39638851	0.00297317
497	0.06550259	0.41373306	0.00324379
498	0.06525054	0.39375845	0.00295695
499	0.06500023	0.41262746	0.00325133
500	0.06475091	0.39111205	0.00294025
501	0.06450332	0.41158728	0.00325981
502	0.06425666	0.38844866	0.00292307
503	0.06401173	0.41061412	0.00326925
504	0.06376770	0.38576783	0.00290540
505	0.06352537	0.40970950	0.00327971
506	0.06328389	0.38306936	0.00288724
507	0.06304410	0.40887478	0.00329123
508	0.06280512	0.38035332	0.00286860
509	0.06256782	0.40811113	0.00330385
510	0.06233128	0.37762010	0.00284948
511	0.06209642	0.40741949	0.00331760
512	0.06186226	0.37487041	0.00282990
513	0.06162976	0.40680053	0.00333253
514	0.06139793	0.37210533	0.00280988
515	0.06116774	0.40625456	0.00334867
516	0.06093817	0.36932628	0.00278944
517	0.06071023	0.40578155	0.00336604
518	0.06048287	0.36653506	0.00276862
519	0.06025712	0.40538103	0.00338467
520	0.06003191	0.36373383	0.00274744
521	0.05980829	0.40505211	0.00340457
522	0.05958516	0.36092507	0.00272595
523	0.05936360	0.40479345	0.00342574
524	0.05914250	0.35811156	0.00270419
525	0.05892296	0.40460324	0.00344820
526	0.05870382	0.35529632	0.00268221
527	0.05848622	0.40447921	0.00347192
528	0.05826898	0.35248254	0.00266007
529	0.05805327	0.40441869	0.00349689
530	0.05783788	0.34967354	0.00263781
531	0.05762400	0.40441862	0.00352309
532	0.05741040	0.34687267	0.00261549
533	0.05719828	0.40447562	0.00355049
534	0.05698641	0.34408322	0.00259317
535	0.05677599	0.40458605	0.00357905
536	0.05656580	0.34130839	0.00257089
537	0.05635704	0.40474609	0.00360873
538	0.05614846	0.33855120	0.00254871
539	0.05594130	0.40495179	0.00363949
540	0.05573429	0.33581444	0.00252666
541	0.05552866	0.40519918	0.00367128
542	0.05532317	0.33310063	0.00250480
543	0.05511903	0.40548429	0.00370405
544	0.05491500	0.33041199	0.00248316
545	0.05471230	0.40580325	0.00373775
546	0.05450969	0.32775044	0.00246178
547	0.05430838	0.40615233	0.00377233
548	0.05410714	0.32511758	0.00244068
549	0.05390718	0.40652794	0.00380775
550	0.05370726	0.32251471	0.00241989
551	0.05350860	0.40692672	0.00384396
552	0.05330997	0.31994283	0.00239943
553	0.05311257	0.40734551	0.00388092
554	0.05291518	0.31740268	0.00237931
555	0.05271900	0.40778138	0.00391858
556	0.05252282	0.31489476	0.00235955
557	0.05232783	0.40823164	0.00395692
558	0.05213281	0.31241935	0.00234015
559	0.05193897	0.40869383	0.00399590
560	0.05174509	0.30997653	0.00232112
561	0.05155235	0.40916571	0.00403549
562	0.05135958	0.30756621	0.00230246
563	0.05116793	0.40964523	0.00407567
564	0.05097623	0.30518819	0.00228417
565	0.05078563	0.41013059	0.00411640
566	0.05059497	0.30284211	0.00226626
567	0.05040539	0.41062013	0.00415766
568	0.05021575	0.30052754	0.00224872
569	0.05002717	0.41111238	0.00419945
570	0.04983852	0.29824397	0.00223154
571	0.04965092	0.41160603	0.00424174
572	0.04946323	0.29599082	0.00221472
573	0.04927657	0.41209993	0.00428451
574	0.04908983	0.29376745	0.00219825
575	0.04890410	0.41259303	0.00432777
576	0.04871827	0.29157321	0.00218212
577	0.04853344	0.41308442	0.00437149
578	0.04834852	0.28940741	0.00216633
579	0.04816458	0.41357329	0.00441567
580	0.04798054	0.28726933	0.00215088
581	0.04779746	0.41405893	0.00446030
582	0.04761428	0.28515827	0.00213574
583	0.04743205	0.41454071	0.00450538
584	0.04724971	0.28307350	0.00212092
585	0.04706831	0.41501808	0.00455091
586	0.04688680	0.28101431	0.00210640
587	0.04670622	0.41549056	0.00459688
588	0.04652552	0.27897997	0.00209217
589	0.04634573	0.41595774	0.00464329
590	0.04616584	0.27696980	0.00207824
591	0.04598683	0.41641924	0.00469014
592	0.04580772	0.27498309	0.00206458
593	0.04562949	0.41687475	0.00473744
594	0.04545115	0.27301915	0.00205119
595	0.04527367	0.41732398	0.00478518
596	0.04509609	0.27107738	0.00203807
597	0.04491936	0.41776673	0.00483336
598	0.04474252	0.26915692	0.00202520
599	0.04456653	0.41820268	0.00488201
600	0.04439042	0.26725785	0.00201258
601	0.04421515	0.41863205	0.00493108
602	0.04403977	0.26537712	0.00200019
603	0.04386521	0.41905329	0.00498069
604	0.04369054	0.26352270	0.00198808
605	0.04351669	0.41947156	0.00503050
606	0.04334273	0.26166295	0.00197600
607	0.04316953	0.41986585	0.00508178
608	0.04299627	0.25991419	0.00196488
609	0.04282392	0.42032167	0.00512965
610	0.04265131	0.25782023	0.00195109
611	0.04247899	0.42047330	0.00519357
612	0.04230718	0.25723435	0.00194928
613	0.04213822	0.42187207	0.00519298
614	0.04196659	0.25055857	0.00189871
615	0.04178615	0.41660964	0.00546769
616	0.04161898	0.27434327	0.00207919
617	0.04148298	0.42132000	0.00444234
618	0.04131992	0.21810743	0.00153227
619	0.04101090	0.24667885	0.00685548
620	0.04093467	0.78606108	0.01015693
621	0.04079467	0.65883840	0.00024671
622	0.04057233	0.39840261	0.00064510
623	0.04044452	0.39715076	0.00280152
624	0.04029410	0.21888679	0.00162058
625	0.04003161	0.27816572	0.00627923
626	0.03990298	0.33246581	0.00339235
627	0.03977335	0.27112140	0.00232755
628	0.03964324	0.33392810	0.00352697
629	0.03951406	0.27258622	0.00233356
630	0.03938629	0.33293643	0.00347732
631	0.03925816	0.26870063	0.00230521
632	0.03913015	0.33359696	0.00354944
633	0.03900263	0.26844486	0.00230046
634	0.03887615	0.33322557	0.00353922
635	0.03874950	0.26559072	0.00227815
636	0.03862317	0.33362701	0.00359100
637	0.03849717	0.26475850	0.00226985
638	0.03837206	0.33348105	0.00359507
639	0.03824684	0.26229100	0.00224997
640	0.03812201	0.33380003	0.00364017
641	0.03799744	0.26127745	0.00224069
642	0.03787371	0.33375095	0.00364960
643	0.03774987	0.25894186	0.00222167
644	0.03762641	0.33405288	0.00369380
645	0.03750319	0.25793776	0.00221273
646	0.03738082	0.33404373	0.00370392
647	0.03725830	0.25557492	0.00219345
648	0.03713610	0.33436045	0.00375127
649	0.03701418	0.25474554	0.00218614
650	0.03689316	0.33435205	0.00375747
651	0.03677192	0.25216221	0.00216509
652	0.03665083	0.33470874	0.00381351
653	0.03653015	0.25177685	0.00216163
654	0.03641056	0.33465344	0.00380763
655	0.03629055	0.24858602	0.00213563
656	0.03617033	0.33507842	0.00388424
657	0.03605083	0.24928048	0.00214137
658	0.03593296	0.33487760	0.00384606
659	0.03581416	0.24449822	0.00210223
660	0.03569422	0.33537345	0.00397451
661	0.03557591	0.24810547	0.00213278
662	0.03546068	0.33467565	0.00384406
663	0.03534323	0.23896566	0.00205746
664	0.03522184	0.33488894	0.00411350
665	0.03510506	0.25155922	0.00216484
666	0.03499525	0.33132512	0.00369061
667	0.03488031	0.23123758	0.00200063
668	0.03475411	0.32922460	0.00429912
669	0.03464155	0.26978350	0.00232874
670	0.03453888	0.30591803	0.00309304
671	0.03443216	0.24125336	0.00219399
672	0.03432046	0.31009749	0.00366715
673	0.03421339	0.25768428	0.00232329
674	0.03411036	0.30243018	0.00322492
675	0.03400555	0.24547901	0.00225284
676	0.03389921	0.30500771	0.00347880
677	0.03379441	0.25046824	0.00228618
678	0.03369144	0.30278361	0.00334093
679	0.03358774	0.24484789	0.00224643
680	0.03348366	0.30393563	0.00345949
681	0.03338028	0.24615957	0.00225336
682	0.03327802	0.30309897	0.00341201
683	0.03317543	0.24269034	0.00222621
684	0.03307284	0.30370288	0.00348388
685	0.03297067	0.24273818	0.00222444
686	0.03286936	0.30332163	0.00346794
687	0.03276784	0.24006564	0.00220242
688	0.03266648	0.30372431	0.00352283
689	0.03256543	0.23965251	0.00219757
690	0.03246512	0.30352398	0.00351909
691	0.03236466	0.23728652	0.00217760
692	0.03226439	0.30385621	0.00356844
693	0.03216438	0.23674371	0.00217206
694	0.03206509	0.30373210	0.00356861
695	0.03196565	0.23444573	0.00215246
696	0.03186637	0.30405162	0.00361847
697	0.03176737	0.23397704	0.00214782
698	0.03166911	0.30394791	0.00361693
699	0.03157065	0.23155175	0.00212705
700	0.03147226	0.30429001	0.00367290
701	0.03137421	0.23138661	0.00212528
702	0.03127703	0.30415712	0.00366260
703	0.03117952	0.22854496	0.00210087
704	0.03108186	0.30455470	0.00373375
705	0.03098474	0.22911137	0.00210575
706	0.03088878	0.30431405	0.00370062
707	0.03079221	0.22523974	0.00207232
708	0.03069497	0.30479774	0.00380715
709	0.03059875	0.22758275	0.00209331
710	0.03050445	0.30424319	0.00371562
711	0.03040886	0.22115686	0.00203740
712	0.03031127	0.30474795	0.00390871
713	0.03021605	0.22824418	0.00210161
714	0.03012467	0.30297988	0.00365576
715	0.03003045	0.21549320	0.00199088
716	0.02993069	0.30277925	0.00405820
717	0.02983727	0.23586350	0.00217637
718	0.02975114	0.29417008	0.00335824
719	0.02966041	0.21206714	0.00199075
720	0.02956061	0.29390268	0.00403494
721	0.02947113	0.24704688	0.00231061
722	0.02938797	0.27228569	0.00293221
723	0.02930276	0.22659663	0.00224338
724	0.02921592	0.27593711	0.00331905
725	0.02913051	0.23251050	0.00228110
726	0.02904649	0.27327594	0.00315989
727	0.02896203	0.22771848	0.00224990
728	0.02887746	0.27422638	0.00325773
729	0.02879328	0.22816362	0.00224920
730	0.02870975	0.27363608	0.00323390
731	0.02862614	0.22596834	0.00223128
732	0.02854276	0.27388882	0.00327471
733	0.02845956	0.22521669	0.00222291
734	0.02837682	0.27371760	0.00328068
735	0.02829410	0.22364254	0.00220881
736	0.02821169	0.27381183	0.00330786
737	0.02812938	0.22258215	0.00219840
738	0.02804748	0.27376496	0.00332249
739	0.02796562	0.22119884	0.00218561
740	0.02788409	0.27382722	0.00334611
741	0.02780264	0.22004957	0.00217461
742	0.02772157	0.27383297	0.00336409
743	0.02764054	0.21874229	0.00216239
744	0.02755985	0.27389591	0.00338692
745	0.02747922	0.21757016	0.00215128
746	0.02739895	0.27393155	0.00340660
747	0.02731872	0.21630224	0.00213941
748	0.02723883	0.27400398	0.00342956
749	0.02715898	0.21513156	0.00212837
750	0.02707949	0.27405995	0.00345031
751	0.02700003	0.21388865	0.00211676
752	0.02692090	0.27414387	0.00347375
753	0.02684181	0.21273101	0.00210591
754	0.02676306	0.27421477	0.00349524
755	0.02668434	0.21150519	0.00209450
756	0.02660594	0.27431012	0.00351938
757	0.02652758	0.21036896	0.00208391
758	0.02644955	0.27439195	0.00354134
759	0.02637155	0.20915238	0.00207265
760	0.02629385	0.27449830	0.00356641
761	0.02621618	0.20804791	0.00206243
762	0.02613886	0.27458735	0.00358847
763	0.02606154	0.20682739	0.00205119
764	0.02598451	0.27470484	0.00361491
765	0.02590752	0.20577430	0.00204154
766	0.02583087	0.27479672	0.00363636
767	0.02575422	0.20452031	0.00203005
768	0.02567782	0.27492698	0.00366520
769	0.02560149	0.20356576	0.00202143
770	0.02552551	0.27501512	0.00368430
771	0.02544950	0.20220120	0.00200895
772	0.02537369	0.27516276	0.00371836
773	0.02529798	0.20147678	0.00200264
774	0.02522272	0.27523488	0.00373016
775	0.02514733	0.19977438	0.00198693
776	0.02507197	0.27540717	0.00377804
777	0.02499687	0.19969730	0.00198706
778	0.02492249	0.27543291	0.00376644
779	0.02484771	0.19691033	0.00196076
780	0.02477243	0.27560691	0.00385717
781	0.02469793	0.19899266	0.00198237
782	0.02462513	0.27543125	0.00376238
783	0.02455102	0.19247664	0.00191924
784	0.02447434	0.27513538	0.00400090
785	0.02440072	0.20311845	0.00202600
786	0.02433203	0.27262806	0.00356863
787	0.02425948	0.18468566	0.00184858
788	0.02417725	0.26816852	0.00425356
789	0.02410762	0.22926247	0.00228711
790	0.02404333	0.23493549	0.00264940
791	0.02397843	0.21041157	0.00232951
792	0.02391344	0.23668556	0.00293165
793	0.02384872	0.21085935	0.00232037
794	0.02378435	0.23603410	0.00291130
795	0.02372006	0.20956008	0.00231093
796	0.02365602	0.23589265	0.00292776
797	0.02359211	0.20862151	0.00230150
798	0.02352847	0.23566550	0.00293707
799	0.02346493	0.20760445	0.00229189
800	0.02340166	0.23547414	0.00294840
801	0.02333849	0.20660430	0.00228222
802	0.02327558	0.23529146	0.00295972
803	0.02321278	0.20559922	0.00227246
804	0.02315024	0.23512359	0.00297152
805	0.02308779	0.20459501	0.00226262
806	0.02302560	0.23496870	0.00298368
807	0.02296351	0.20359055	0.00225271
808	0.02290167	0.23482694	0.00299622
809	0.02283992	0.20258656	0.00224274
810	0.02277843	0.23469790	0.00300914
811	0.02271702	0.20158326	0.00223272
812	0.02265586	0.23458130	0.00302244
813	0.02259479	0.20058104	0.00222266
814	0.02253397	0.23447679	0.00303610
815	0.02247322	0.19958021	0.00221256
816	0.02241272	0.23438402	0.00305014
817	0.02235230	0.19858112	0.00220243
818	0.02229212	0.23430261	0.00306455
819	0.02223202	0.19758411	0.00219228
820	0.02217216	0.23423217	0.00307931
821	0.02211236	0.19658950	0.00218212
822	0.02205281	0.23417229	0.00309443
823	0.02199332	0.19559762	0.00217196
824	0.02193407	0.23412257	0.00310991
825	0.02187488	0.19460878	0.00216180
826	0.02181593	0.23408259	0.00312573
827	0.02175704	0.19362328	0.00215165
828	0.02169838	0.23405191	0.00314189
829	0.02163977	0.19264141	0.00214153
830	0.02158141	0.23403010	0.00315838
831	0.02152308	0.19166344	0.00213143
832	0.02146500	0.23401674	0.00317520
833	0.02140696	0.19068963	0.00212136
834	0.02134915	0.23401139	0.00319234
835	0.02129138	0.18972022	0.00211134
836	0.02123384	0.23401364	0.00320980
837	0.02117635	0.18875543	0.00210136
838	0.02111908	0.23402304	0.00322757
839	0.02106184	0.18779548	0.00209143
840	0.02100484	0.23403920	0.00324563
841	0.02094786	0.18684056	0.00208156
842	0.02089111	0.23406171	0.00326400
843	0.02083440	0.18589083	0.00207174
844	0.02077790	0.23409016	0.00328265
845	0.02072143	0.18494646	0.00206200
846	0.02066519	0.23412417	0.00330158
847	0.02060897	0.18400757	0.00205233
848	0.02055296	0.23416336	0.00332079
849	0.02049699	0.18307430	0.00204273
850	0.02044122	0.23420738	0.00334027
851	0.02038549	0.18214674	0.00203320
852	0.02032996	0.23425586	0.00336001
853	0.02027445	0.18122500	0.00202376
854	0.02021916	0.23430847	0.00338002
855	0.02016388	0.18030913	0.00201440
856	0.02010882	0.23436489	0.00340027
857	0.02005377	0.17939921	0.00200512
858	0.01999893	0.23442480	0.00342078
859	0.01994410	0.17849528	0.00199593
860	0.01988948	0.23448791	0.00344153
861	0.01983487	0.17759738	0.00198683
862	0.01978047	0.23455393	0.00346252
863	0.01972608	0.17670553	0.00197782
864	0.01967189	0.23462259	0.00348374
865	0.01961771	0.17581974	0.00196890
866	0.01956373	0.23469363	0.00350520
867	0.01950976	0.17494001	0.00196008
868	0.01945598	0.23476682	0.00352688
869	0.01940222	0.17406635	0.00195134
870	0.01934865	0.23484191	0.00354879
871	0.01929509	0.17319873	0.00194270
872	0.01924172	0.23491868	0.00357092
873	0.01918836	0.17233714	0.00193416
874	0.01913519	0.23499694	0.00359327
875	0.01908203	0.17148153	0.00192571
876	0.01902905	0.23507647	0.00361583
877	0.01897608	0.17063188	0.00191735
878	0.01892329	0.23515710	0.00363860
879	0.01887052	0.16978815	0.00190908
880	0.01881792	0.23523865	0.00366158
881	0.01876533	0.16895028	0.00190091
882	0.01871292	0.23532095	0.00368477
883	0.01866052	0.16811822	0.00189283
884	0.01860829	0.23540385	0.00370817
885	0.01855607	0.16729193	0.00188485
886	0.01850403	0.23548719	0.00373178
887	0.01845199	0.16647133	0.00187695
888	0.01840013	0.23557086	0.00375558
889	0.01834827	0.16565637	0.00186915
890	0.01829658	0.23565470	0.00377959
891	0.01824490	0.16484698	0.00186144
892	0.01819339	0.23573861	0.00380380
893	0.01814188	0.16404309	0.00185381
894	0.01809054	0.23582246	0.00382821
895	0.01803921	0.16324463	0.00184628
896	0.01798804	0.23590615	0.00385282
897	0.01793687	0.16245154	0.00183883
898	0.01788588	0.23598958	0.00387763
899	0.01783488	0.16166373	0.00183147
900	0.01778405	0.23607265	0.00390264
901	0.01773321	0.16088117	0.00182420
902	0.01768255	0.23615528	0.00392785
903	0.01763188	0.16010366	0.00181700
904	0.01758138	0.23623737	0.00395326
905	0.01753087	0.15933144	0.00180990
906	0.01748053	0.23631890	0.00397886
907	0.01743019	0.15856362	0.00180287
908	0.01738000	0.23639961	0.00400469
909	0.01732982	0.15780227	0.00179594
910	0.01727980	0.23647997	0.00403064
911	0.01722977	0.15704153	0.00178904
912	0.01717990	0.23655833	0.00405701
913	0.01713003	0.15629737	0.00178236
914	0.01708032	0.23663948	0.00408295
915	0.01703060	0.15552401	0.00177535
916	0.01698103	0.23670818	0.00411094
917	0.01693146	0.15485512	0.00176961
918	0.01688210	0.23681257	0.00413360
919	0.01683269	0.15388948	0.00176037
920	0.01678328	0.23679354	0.00417342
921	0.01673403	0.15386890	0.00176234
922	0.01668540	0.23715962	0.00415988
923	0.01663624	0.15092139	0.00172938
924	0.01658567	0.23596527	0.00431669
925	0.01653703	0.15821518	0.00181645
926	0.01649294	0.23730354	0.00388620
927	0.01644452	0.13830553	0.00156600
928	0.01637774	0.20948166	0.00506160
929	0.01634831	0.27521153	0.00304394
930	0.01630403	0.15579366	0.00077716
931	0.01625970	0.21772533	0.00364797
932	0.01621558	0.15614607	0.00187041
933	0.01617197	0.21772824	0.00361955
934	0.01612801	0.15344143	0.00183953
935	0.01608344	0.21774334	0.00373451
936	0.01603965	0.15671744	0.00188006
937	0.01599737	0.21742130	0.00356632
938	0.01595382	0.14895592	0.00178865
939	0.01590738	0.21621689	0.00392542
940	0.01586444	0.16548814	0.00198688
941	0.01582570	0.20944502	0.00313586
942	0.01578417	0.14463658	0.00176600
943	0.01573579	0.20575569	0.00397096
944	0.01569620	0.18788844	0.00228534
945	0.01565776	0.17012575	0.00224293
946	0.01561987	0.18354628	0.00265663
947	0.01558193	0.16732148	0.00224902
948	0.01554408	0.18383008	0.00271055
949	0.01550631	0.16686484	0.00223988
950	0.01546869	0.18360812	0.00271328
951	0.01543111	0.16612592	0.00223209
952	0.01539368	0.18346569	0.00272283
953	0.01535631	0.16542578	0.00222405
954	0.01531907	0.18332203	0.00273171
955	0.01528189	0.16471821	0.00221593
956	0.01524484	0.18318888	0.00274104
957	0.01520785	0.16401048	0.00220773
958	0.01517099	0.18306432	0.00275063
959	0.01513418	0.16330157	0.00219945
960	0.01509752	0.18294857	0.00276053
961	0.01506089	0.16259188	0.00219109
962	0.01502441	0.18284149	0.00277072
963	0.01498797	0.16188153	0.00218266
964	0.01495166	0.18274295	0.00278120
965	0.01491540	0.16117074	0.00217416
966	0.01487928	0.18265284	0.00279199
967	0.01484319	0.16045970	0.00216561
968	0.01480724	0.18257099	0.00280307
969	0.01477133	0.15974861	0.00215700
970	0.01473556	0.18249726	0.00281445
971	0.01469981	0.15903768	0.00214835
972	0.01466421	0.18243146	0.00282612
973	0.01462864	0.15832711	0.00213966
974	0.01459320	0.18237341	0.00283809
975	0.01455779	0.15761712	0.00213093
976	0.01452252	0.18232290	0.00285034
977	0.01448728	0.15690792	0.00212217
978	0.01445217	0.18227973	0.00286289
979	0.01441709	0.15619973	0.00211339
980	0.01438214	0.18224367	0.00287572
981	0.01434722	0.15549274	0.00210460
982	0.01431242	0.18221449	0.00288884
983	0.01427766	0.15478717	0.00209580
984	0.01424302	0.18219195	0.00290223
985	0.01420840	0.15408322	0.00208699
986	0.01417392	0.18217582	0.00291590
987	0.01413946	0.15338109	0.00207819
988	0.01410512	0.18216583	0.00292984
989	0.01407080	0.15268096	0.00206939
990	0.01403662	0.18216175	0.00294405
991	0.01400245	0.15198302	0.00206061
992	0.01396840	0.18216330	0.00295853
993	0.01393438	0.15128744	0.00205184
994	0.01390048	0.18217025	0.00297326
995	0.01386659	0.15059440	0.00204310
996	0.01383283	0.18218232	0.00298824
997	0.01379908	0.14990404	0.00203440
998	0.01376546	0.18219927	0.00300348
999	0.01373185	0.14921652	0.00202572
1000	0.01369836	0.18222083	0.00301896
