Iter	fval		||grad||	alpha
0	14.93364659	28.47907066	0.00000000
1	7.22437157	19.96348785	0.06250000
2	-0.08345791	1.29963154	1.00000000
3	-0.19758255	1.09097675	2.00000000
4	-0.57358420	0.76565103	1.00000000
5	-0.80072464	0.95536083	1.00000000
6	-2.50027865	2.18277944	1.00000000
7	-4.33103616	2.60886559	1.00000000
8	-6.49370525	2.48094453	1.00000000
9	-7.09197522	1.14240049	1.00000000
10	-7.53449721	0.38858974	1.00000000
11	-7.66302528	0.36170301	1.00000000
12	-7.83288803	0.68912849	1.00000000
13	-8.13600635	1.05239570	1.00000000
14	-8.25082045	3.18783240	0.25000000
15	-8.86339084	2.17577579	1.00000000
16	-9.78229564	1.67245336	1.00000000
17	-10.76303106	1.70039477	1.00000000
18	-11.74017379	1.38238915	1.00000000
19	-12.88557790	1.12377476	1.00000000
20	-14.53235585	1.43886757	1.00000000
21	-16.85194955	2.08048644	1.00000000
22	-20.42892033	2.95058870	1.00000000
23	-22.14037445	3.26155269	1.00000000
24	-25.09242405	1.27688994	1.00000000
25	-25.27875720	4.28633009	1.00000000
26	-25.54605570	1.72470943	1.00000000
27	-25.64750298	0.13685017	1.00000000
28	-25.64936554	0.12038799	1.00000000
29	-25.65618117	0.05418154	1.00000000
30	-25.65735875	0.09487924	0.50000000
31	-25.65841580	0.04341692	1.00000000
32	-25.65909401	0.03720030	1.00000000
33	-25.65963386	0.04757028	1.00000000
34	-25.66079837	0.05678762	1.00000000
35	-25.66211000	0.03418588	1.00000000
36	-25.66247644	0.07099163	0.50000000
37	-25.66273087	0.00771490	1.00000000
38	-25.66275621	0.00807268	1.00000000
39	-25.66276445	0.00857622	0.25000000
40	-25.66277429	0.00518717	1.00000000
41	-25.66279301	0.00413516	1.00000000
42	-25.66281268	0.00694795	1.00000000
43	-25.66282103	0.00349152	1.00000000
44	-25.66282652	0.00248814	1.00000000
45	-25.66282961	0.00113126	1.00000000
46	-25.66283074	0.00044428	1.00000000
47	-25.66283083	0.00071172	0.50000000
48	-25.66283086	0.00049665	0.50000000
49	-25.66283087	0.00019736	1.00000000
50	-25.66283088	0.00018239	1.00000000
51	-25.66283089	0.00007904	1.00000000
52	-25.66283089	0.00025343	1.00000000
53	-25.66283089	0.00004392	1.00000000
54	-25.66283089	0.00004249	1.00000000
55	-25.66283089	0.00003732	1.00000000
56	-25.66283089	0.00000858	1.00000000

Optimization output:
If success: 1
fval = -25.66283089
gradnorm = 0.00000858
iternum = 56
runtime = 0.02973127 s
Converge info = Converged since function value tolerance
skip time = 0
