Iter	fval		||grad||	alpha
0	43.16901142	47.67605362	0.00000000
1	-0.99275824	0.26648557	1.00000000
2	-40.23744067	0.02967122	1.11134262
3	-40.70056328	0.00726180	1.24474233
4	-40.70277163	0.00698479	1.96185285
5	-40.70700969	0.00641977	0.08089306
6	-40.71470698	0.00523999	0.18377158
7	-40.72624533	0.00261483	0.50098578
8	-40.72908428	0.00132810	1.50790960
9	-40.72988175	0.00058196	1.43819358
10	-40.73007075	0.00003026	1.05199095
11	-40.73007117	0.00001335	1.44121602
12	-40.73007127	0.00000046	1.03428726
13	-40.73007127	0.00000030	1.65984089
14	-40.73007127	0.00000004	1.12962481

Optimization output:
If success: 1
fval = -40.73007127
gradnorm = 0.00000004
iternum = 14
runtime = 0.01508570 s
Converge info = Converged since function value tolerance
