Iter	fval		||grad||	alpha
0	14.93364659	28.47907066	0.00000000
1	7.22437157	19.96348785	0.06250000
2	0.41975729	2.70664566	1.00000000
3	-0.76068075	3.01650227	0.50000000
4	-1.29529513	0.73879763	1.00000000
5	-2.60977986	3.39218723	1.00000000
6	-4.69142097	6.33569104	1.00000000
7	-6.52045841	5.49714880	1.00000000
8	-7.27730972	2.04762373	1.00000000
9	-7.46935495	0.34093905	1.00000000
10	-7.60764204	1.46998313	1.00000000
11	-7.90938666	2.86367358	1.00000000
12	-8.76267787	4.80244148	1.00000000
13	-10.08774894	5.57848257	1.00000000
14	-11.68937832	4.04053798	1.00000000
15	-13.17399244	1.10022524	1.00000000
16	-14.78919675	3.21683784	1.00000000
17	-17.21317192	6.87150640	1.00000000
18	-20.76781698	9.03333514	1.00000000
19	-24.07761979	6.98777890	1.00000000
20	-25.45422169	2.49217533	1.00000000
21	-25.65350217	0.25671951	1.00000000
22	-25.66263342	0.03811329	1.00000000
23	-25.66281766	0.01583472	1.00000000
24	-25.66282945	0.00371643	1.00000000
25	-25.66283086	0.00013466	1.00000000
26	-25.66283089	0.00006494	1.00000000
27	-25.66283089	0.00000526	1.00000000
28	-25.66283089	0.00000092	1.00000000

Optimization output:
If success: 1
fval = -25.66283089
gradnorm = 0.00000092
iternum = 28
runtime = 0.01726413 s
Converge info = Converged since function value tolerance
skip time = 0
