Iter	fval		||grad||	alpha
0	43.16901142	47.67605362	0.00000000
1	18.78882227	31.35075156	0.06250000
2	1.74386441	9.13651641	1.28765232
3	-0.06890785	1.52227225	0.97345553
4	-0.37150492	1.89743318	0.88268400
5	-0.68071965	1.29675172	2.10350729
6	-1.05840966	0.65196207	2.47444116
7	-1.10458984	0.60511028	1.50417659
8	-1.14738149	0.18878024	1.57454097
9	-1.20860985	0.13161001	3.52336165
10	-1.27343892	0.23946860	1.72252457
11	-1.39283344	0.22221575	2.40613139
12	-1.59702555	0.18824319	0.31701419
13	-1.83755426	0.17949587	0.89076669
14	-1.87585332	0.28787442	4.76650938
15	-1.94266130	0.24878323	0.51739445
16	-2.05892511	0.20665526	0.44445420
17	-2.25728363	0.19083597	0.48484522
18	-2.58810927	0.26944856	0.57263818
19	-3.13627603	0.45181256	0.64791459
20	-4.06048011	0.70374577	0.63731002
21	-5.65364396	1.00686187	0.54977965
22	-8.42212401	1.35616952	0.47775712
23	-13.15780942	1.73669672	0.47689087
24	-20.80077513	2.07084627	0.58801642
25	-31.12323350	2.05079125	0.96449170
26	-37.00128365	0.38457271	2.54308305
27	-38.73208480	0.39439158	2.17905241
28	-40.67936725	0.13734723	0.90126673
29	-40.72654741	0.01111282	1.33440484
30	-40.72833293	0.01493135	1.78607608
31	-40.73006354	0.00139905	1.03618890
32	-40.73006440	0.00054655	2.74074492
33	-40.73006600	0.00046320	0.12845540
34	-40.73006872	0.00031184	0.30514621
35	-40.73007126	0.00003081	1.06499009
36	-40.73007126	0.00001968	1.81201905
37	-40.73007127	0.00000718	0.61130390
38	-40.73007127	0.00000283	1.35183664
39	-40.73007127	0.00000268	1.99389843

Optimization output:
If success: 1
fval = -40.73007127
gradnorm = 0.00000268
iternum = 39
runtime = 0.02703524 s
Converge info = Converged since function value tolerance
skip time = 0
