Iter	fval		||grad||	alpha
0	43.69213078	47.76552832	0.00000000
1	16.12610744	29.34744240	0.06250000
2	6.51136001	19.18490383	0.06401232
3	0.22087177	6.76301191	0.05224547
4	-0.18783749	5.27752166	0.06876605
5	-0.70503641	1.55961253	0.02934840
6	-0.73070254	2.36338560	0.10631491
7	-0.77676883	1.88809286	0.00919012
8	-0.84463506	1.02821626	0.02584440
9	-0.91192239	1.52788885	0.12838516
10	-0.97482808	1.02167751	0.05764741
11	-1.02463066	1.53951455	0.12052919
12	-1.08367314	0.77267659	0.04202563
13	-1.19212515	0.86287337	0.19778761
14	-1.23965299	1.46946122	0.14566106
15	-1.29299775	0.72076076	0.04402120
16	-1.38096752	1.01727281	0.20537118
17	-1.41480604	1.12824100	0.08500775
18	-1.45226706	0.74605275	0.05316645
19	-1.49984150	1.06484804	0.13460788
20	-1.53073591	1.17583862	0.08391283
21	-1.56771427	0.66453897	0.04469042
22	-1.63290054	0.81242962	0.16746991
23	-1.63545557	2.15528099	0.19752161
24	-1.64049922	2.09933269	0.00110006
25	-1.65031513	1.98669171	0.00228882
26	-1.66881238	1.75872287	0.00497393
27	-1.70082340	1.29760121	0.01196030
28	-1.74078075	0.62799238	0.03802306
29	-1.82002350	0.62686181	0.20263661
30	-1.96136303	1.01700659	0.40331643
31	-1.99209211	0.87043507	0.06832602
32	-2.02062128	0.91255811	0.08111605
33	-2.04951792	0.80124337	0.06851695
34	-2.07850295	0.92073151	0.09002197
35	-2.10731138	0.80436444	0.06838135
36	-2.13588834	0.91685141	0.08905204
37	-2.16445382	0.79642575	0.06799048
38	-2.19289648	0.91663597	0.09007017
39	-2.22128881	0.79218211	0.06770276
40	-2.24954032	0.91558566	0.09048591
41	-2.27775985	0.78727928	0.06740214
42	-2.30585677	0.91493531	0.09105884
43	-2.33392065	0.78298293	0.06712864
44	-2.36186608	0.91426973	0.09155312
45	-2.38978322	0.77880704	0.06686397
46	-2.41758943	0.91370870	0.09205367
47	-2.44536924	0.77487429	0.06661258
48	-2.47304295	0.91319235	0.09253302
49	-2.50069271	0.77109288	0.06637017
50	-2.52824113	0.91273081	0.09300537
51	-2.55576735	0.76746263	0.06613651
52	-2.58319602	0.91230934	0.09346781
53	-2.61060416	0.76395152	0.06590986
54	-2.63791814	0.91192575	0.09392433
55	-2.66521301	0.76054700	0.06568950
56	-2.69241658	0.91157400	0.09437541
57	-2.71960232	0.75723204	0.06547447
58	-2.74669928	0.91125117	0.09482289
59	-2.77377956	0.75399571	0.06526412
60	-2.80077326	0.91095386	0.09526762
61	-2.82775131	0.75082721	0.06505785
62	-2.85464473	0.91067976	0.09571069
63	-2.88152343	0.74771851	0.06485519
64	-2.90831925	0.91042663	0.09615282
65	-2.93510120	0.74466237	0.06465573
66	-2.96180182	0.91019276	0.09659474
67	-2.98848939	0.74165310	0.06445916
68	-3.01509702	0.90997654	0.09703698
69	-3.04169233	0.73868575	0.06426519
70	-3.06820899	0.90977666	0.09748003
71	-3.09471403	0.73575636	0.06407362
72	-3.12114159	0.90959192	0.09792427
73	-3.14755817	0.73286151	0.06388425
74	-3.17389836	0.90942127	0.09837003
75	-3.20022818	0.72999844	0.06369695
76	-3.22648263	0.90926376	0.09881756
77	-3.25272729	0.72716480	0.06351160
78	-3.27889751	0.90911853	0.09926708
79	-3.30505850	0.72435866	0.06332810
80	-3.33114595	0.90898478	0.09971876
81	-3.35722469	0.72157839	0.06314637
82	-3.38323073	0.90886180	0.10017273
83	-3.40922856	0.71882264	0.06296636
84	-3.43515451	0.90874891	0.10062909
85	-3.46107271	0.71609028	0.06278802
86	-3.48691980	0.90864547	0.10108793
87	-3.51275961	0.71338034	0.06261131
88	-3.53852905	0.90855090	0.10154929
89	-3.56429163	0.71069201	0.06243620
90	-3.58998457	0.90846464	0.10201323
91	-3.61567106	0.70802463	0.06226267
92	-3.64128861	0.90838615	0.10247975
93	-3.66690011	0.70537759	0.06209071
94	-3.69244334	0.90831495	0.10294888
95	-3.71798090	0.70275040	0.06192028
96	-3.74345085	0.90825055	0.10342061
97	-3.76891549	0.70014263	0.06175140
98	-3.79431316	0.90819250	0.10389495
99	-3.81970587	0.69755389	0.06158404
100	-3.84503225	0.90814039	0.10437188
101	-3.87035399	0.69498385	0.06141820
102	-3.89561002	0.90809378	0.10485138
103	-3.92086172	0.69243221	0.06125388
104	-3.94604832	0.90805231	0.10533342
105	-3.97123089	0.68989869	0.06109106
106	-3.99634895	0.90801558	0.10581800
107	-4.02146328	0.68738306	0.06092975
108	-4.04651367	0.90798325	0.10630507
109	-4.07156062	0.68488507	0.06076994
110	-4.09654419	0.90795498	0.10679462
111	-4.12152458	0.68240453	0.06061162
112	-4.14644216	0.90793044	0.10728661
113	-4.17135682	0.67994120	0.06045478
114	-4.19620922	0.90790933	0.10778102
115	-4.22105894	0.67749493	0.06029943
116	-4.24584693	0.90789135	0.10827781
117	-4.27063249	0.67506548	0.06014556
118	-4.29535684	0.90787622	0.10877696
119	-4.32007899	0.67265273	0.05999315
120	-4.34474046	0.90786366	0.10927842
121	-4.36939993	0.67025641	0.05984221
122	-4.39399924	0.90785344	0.10978220
123	-4.41859677	0.66787648	0.05969272
124	-4.44313462	0.90784529	0.11028822
125	-4.46767090	0.66551258	0.05954467
126	-4.49214800	0.90783901	0.11079652
127	-4.51662372	0.66316481	0.05939807
128	-4.54104074	0.90783434	0.11130698
129	-4.56545656	0.66083256	0.05925288
130	-4.58981417	0.90783111	0.11181972
131	-4.61417075	0.65851640	0.05910914
132	-4.63846958	0.90782907	0.11233448
133	-4.66276756	0.65621492	0.05896675
134	-4.68700828	0.90782811	0.11285165
135	-4.71124828	0.65393005	0.05882586
136	-4.73543142	0.90782792	0.11337049
137	-4.75961405	0.65165798	0.05868616
138	-4.78374037	0.90782854	0.11389222
139	-4.80786623	0.64940503	0.05854819
140	-4.83193603	0.90782948	0.11441461
141	-4.85600570	0.64715922	0.05841091
142	-4.88002010	0.90783104	0.11494173
143	-4.90403414	0.64494237	0.05827626
144	-4.92799266	0.90783250	0.11546583
145	-4.95195164	0.64271249	0.05814047
146	-4.97585685	0.90783429	0.11600180
147	-4.99976130	0.64055068	0.05801087
148	-5.02360972	0.90783622	0.11652035
149	-5.04746019	0.63829550	0.05787282
150	-5.07126048	0.90783610	0.11708016
151	-5.09505742	0.63627365	0.05775604
152	-5.11879327	0.90784229	0.11756101
153	-5.14253738	0.63380900	0.05759885
154	-5.16624485	0.90782734	0.11821409
155	-5.18993605	0.63232934	0.05753190
156	-5.21353896	0.90786626	0.11850328
157	-5.23717921	0.62876343	0.05727324
158	-5.26084681	0.90774119	0.11959347
159	-5.28443186	0.62988054	0.05744605
160	-5.30778711	0.90796347	0.11889138
161	-5.33132620	0.62063528	0.05666015
162	-5.35523641	0.90684145	0.12222125
163	-5.37868672	0.63601506	0.05815013
164	-5.40117181	0.90673563	0.11594279
165	-5.42454248	0.59835540	0.05469697
166	-5.45030710	0.89295814	0.13055175
167	-5.47295591	0.70794794	0.06462368
168	-5.49296169	0.82918871	0.09038008
169	-5.51431145	0.60703177	0.05819405
170	-5.53827562	0.82967963	0.11587781
171	-5.55936723	0.72966425	0.06962601
172	-5.57940459	0.74682757	0.07923070
173	-5.59954311	0.69081452	0.07185051
174	-5.61967671	0.74995190	0.08439847
175	-5.63977231	0.69062191	0.07159532
176	-5.65981517	0.74878732	0.08426559
177	-5.67983483	0.68853569	0.07149452
178	-5.69980699	0.74807828	0.08445662
179	-5.71975491	0.68665013	0.07137746
180	-5.73965498	0.74733910	0.08461678
181	-5.75953141	0.68474389	0.07126055
182	-5.77936024	0.74662065	0.08478365
183	-5.79916587	0.68284091	0.07114218
184	-5.81892408	0.74591730	0.08495317
185	-5.83865954	0.68093854	0.07102254
186	-5.85834776	0.74522963	0.08512582
187	-5.87801367	0.67903717	0.07090163
188	-5.89763254	0.74455751	0.08530157
189	-5.91722954	0.67713680	0.07077948
190	-5.93677968	0.74390087	0.08548046
191	-5.95630840	0.67523753	0.07065612
192	-5.97579045	0.74325963	0.08566248
193	-5.99525152	0.67333943	0.07053157
194	-6.01466610	0.74263371	0.08584768
195	-6.03406014	0.67144257	0.07040585
196	-6.05340789	0.74202301	0.08603605
197	-6.07273552	0.66954705	0.07027900
198	-6.09201705	0.74142745	0.08622763
199	-6.11127889	0.66765296	0.07015105
200	-6.13049483	0.74084690	0.08642241
201	-6.14969151	0.66576039	0.07002202
202	-6.16884248	0.74028127	0.08662041
203	-6.18797461	0.66386946	0.06989195
204	-6.20706122	0.73973042	0.08682165
205	-6.22612943	0.66198026	0.06976087
206	-6.24515230	0.73919424	0.08702612
207	-6.26415718	0.66009292	0.06962882
208	-6.28311694	0.73867259	0.08723385
209	-6.30205911	0.65820754	0.06949583
210	-6.32095635	0.73816532	0.08744482
211	-6.33983643	0.65632425	0.06936193
212	-6.35867177	0.73767229	0.08765905
213	-6.37749035	0.65444318	0.06922717
214	-6.39626440	0.73719334	0.08787653
215	-6.41502208	0.65256445	0.06909159
216	-6.43373545	0.73672831	0.08809727
217	-6.45243284	0.65068820	0.06895521
218	-6.47108612	0.73627703	0.08832126
219	-6.48972382	0.64881455	0.06881809
220	-6.50831760	0.73583932	0.08854849
221	-6.52689621	0.64694364	0.06868025
222	-6.54543110	0.73541501	0.08877897
223	-6.56395120	0.64507562	0.06854175
224	-6.58242779	0.73500391	0.08901269
225	-6.60088997	0.64321063	0.06840262
226	-6.61930886	0.73460582	0.08924963
227	-6.63771370	0.64134879	0.06826289
228	-6.65607546	0.73422055	0.08948979
229	-6.67442355	0.63949027	0.06812263
230	-6.69272878	0.73384788	0.08973315
231	-6.71102069	0.63763519	0.06798186
232	-6.72926996	0.73348762	0.08997970
233	-6.74750627	0.63578371	0.06784063
234	-6.76570015	0.73313955	0.09022942
235	-6.78388143	0.63393597	0.06769897
236	-6.80202050	0.73280344	0.09048230
237	-6.82014731	0.63209210	0.06755694
238	-6.83823213	0.73247909	0.09073832
239	-6.85630504	0.63025226	0.06741457
240	-6.87433618	0.73216626	0.09099746
241	-6.89235574	0.62841658	0.06727190
242	-6.91033376	0.73186472	0.09125969
243	-6.92830053	0.62658520	0.06712898
244	-6.94622597	0.73157424	0.09152501
245	-6.96414050	0.62475826	0.06698585
246	-6.98201392	0.73129460	0.09179337
247	-6.99987675	0.62293590	0.06684254
248	-7.01769869	0.73102554	0.09206477
249	-7.03551036	0.62111824	0.06669910
250	-7.05328136	0.73076685	0.09233917
251	-7.07104240	0.61930542	0.06655557
252	-7.08876301	0.73051826	0.09261655
253	-7.10647395	0.61749757	0.06641198
254	-7.12414468	0.73027955	0.09289687
255	-7.14180605	0.61569481	0.06626837
256	-7.15942744	0.73005048	0.09318013
257	-7.17703974	0.61389726	0.06612479
258	-7.19461230	0.72983079	0.09346627
259	-7.21217607	0.61210503	0.06598126
260	-7.22970031	0.72962026	0.09375529
261	-7.24721604	0.61031825	0.06583782
262	-7.26469248	0.72941863	0.09404713
263	-7.28216068	0.60853703	0.06569452
264	-7.29958981	0.72922567	0.09434179
265	-7.31701097	0.60676146	0.06555138
266	-7.33439329	0.72904113	0.09463922
267	-7.35176791	0.60499165	0.06540843
268	-7.36910391	0.72886479	0.09493940
269	-7.38643247	0.60322769	0.06526571
270	-7.40372264	0.72869639	0.09524230
271	-7.42100562	0.60146969	0.06512325
272	-7.43825044	0.72853571	0.09554788
273	-7.45548831	0.59971772	0.06498108
274	-7.47268824	0.72838251	0.09585611
275	-7.48988147	0.59797188	0.06483923
276	-7.50703700	0.72823656	0.09616696
277	-7.52418604	0.59623224	0.06469773
278	-7.54129762	0.72809763	0.09648041
279	-7.55840294	0.59449888	0.06455660
280	-7.57547101	0.72796549	0.09679641
281	-7.59253307	0.59277186	0.06441587
282	-7.60955809	0.72783993	0.09711495
283	-7.62657731	0.59105125	0.06427557
284	-7.64355973	0.72772071	0.09743598
285	-7.66053655	0.58933711	0.06413572
286	-7.67747680	0.72760763	0.09775949
287	-7.69441166	0.58762951	0.06399635
288	-7.71131016	0.72750047	0.09808543
289	-7.72820349	0.58592848	0.06385747
290	-7.74506068	0.72739902	0.09841378
291	-7.76191288	0.58423408	0.06371911
292	-7.77872917	0.72730308	0.09874450
293	-7.79554067	0.58254636	0.06358128
294	-7.81231647	0.72721243	0.09907758
295	-7.82908766	0.58086534	0.06344401
296	-7.84582338	0.72712689	0.09941299
297	-7.86255468	0.57919107	0.06330732
298	-7.87925071	0.72704625	0.09975068
299	-7.89594250	0.57752357	0.06317122
300	-7.91259924	0.72697033	0.10009064
301	-7.92925192	0.57586287	0.06303572
302	-7.94586976	0.72689893	0.10043285
303	-7.96248369	0.57420899	0.06290085
304	-7.97906301	0.72683189	0.10077726
305	-7.99563858	0.57256196	0.06276661
306	-8.01217975	0.72676900	0.10112387
307	-8.02871734	0.57092177	0.06263302
308	-8.04522073	0.72671012	0.10147263
309	-8.06172069	0.56928846	0.06250010
310	-8.07818666	0.72665505	0.10182354
311	-8.09464936	0.56766202	0.06236785
312	-8.11107827	0.72660364	0.10217656
313	-8.12750405	0.56604245	0.06223628
314	-8.14389625	0.72655572	0.10253167
315	-8.16028547	0.56442977	0.06210541
316	-8.17664130	0.72651113	0.10288885
317	-8.19299429	0.56282396	0.06197524
318	-8.20931410	0.72646973	0.10324808
319	-8.22563120	0.56122501	0.06184579
320	-8.24191532	0.72643136	0.10360934
321	-8.25819686	0.55963293	0.06171705
322	-8.27444562	0.72639587	0.10397260
323	-8.29069192	0.55804770	0.06158904
324	-8.30690564	0.72636312	0.10433784
325	-8.32311702	0.55646931	0.06146177
326	-8.33929602	0.72633298	0.10470506
327	-8.35547280	0.55489773	0.06133523
328	-8.37161738	0.72630531	0.10507422
329	-8.38775986	0.55333296	0.06120943
330	-8.40387034	0.72627998	0.10544532
331	-8.41997883	0.55177496	0.06108439
332	-8.43605550	0.72625686	0.10581833
333	-8.45213030	0.55022372	0.06096010
334	-8.46817346	0.72623583	0.10619323
335	-8.48421485	0.54867920	0.06083656
336	-8.50022480	0.72621678	0.10657003
337	-8.51623307	0.54714139	0.06071378
338	-8.53221008	0.72619958	0.10694869
339	-8.54818553	0.54561025	0.06059175
340	-8.56412989	0.72618413	0.10732920
341	-8.58007277	0.54408575	0.06047049
342	-8.59598475	0.72617031	0.10771155
343	-8.61189536	0.54256786	0.06035000
344	-8.62777523	0.72615802	0.10809574
345	-8.64365382	0.54105654	0.06023026
346	-8.65950185	0.72614716	0.10848174
347	-8.67534869	0.53955176	0.06011129
348	-8.69116515	0.72613763	0.10886954
349	-8.70698049	0.53805347	0.05999309
350	-8.72276562	0.72612933	0.10925914
351	-8.73854972	0.53656165	0.05987564
352	-8.75430378	0.72612217	0.10965052
353	-8.77005690	0.53507624	0.05975896
354	-8.78578013	0.72611607	0.11004367
355	-8.80150250	0.53359722	0.05964304
356	-8.81719516	0.72611093	0.11043860
357	-8.83288702	0.53212453	0.05952789
358	-8.84854933	0.72610668	0.11083527
359	-8.86421093	0.53065813	0.05941348
360	-8.87984313	0.72610322	0.11123370
361	-8.89547470	0.52919798	0.05929984
362	-8.91107702	0.72610049	0.11163387
363	-8.92667878	0.52774404	0.05918695
364	-8.94225145	0.72609840	0.11203578
365	-8.95782362	0.52629626	0.05907481
366	-8.97336687	0.72609689	0.11243941
367	-8.98890968	0.52485458	0.05896341
368	-9.00442372	0.72609588	0.11284477
369	-9.01993737	0.52341898	0.05885277
370	-9.03542241	0.72609530	0.11325185
371	-9.05090714	0.52198937	0.05874286
372	-9.06636339	0.72609509	0.11366065
373	-9.08181939	0.52056577	0.05863370
374	-9.09724707	0.72609519	0.11407115
375	-9.11267454	0.51914804	0.05852526
376	-9.12807384	0.72609553	0.11448338
377	-9.14347300	0.51773626	0.05841757
378	-9.15884412	0.72609605	0.11489727
379	-9.17421515	0.51633014	0.05831058
380	-9.18955830	0.72609670	0.11531295
381	-9.20490140	0.51493012	0.05820435
382	-9.22021674	0.72609742	0.11573018
383	-9.23553211	0.51353519	0.05809878
384	-9.25081988	0.72609815	0.11614939
385	-9.26610769	0.51214717	0.05799405
386	-9.28136800	0.72609886	0.11656975
387	-9.29662844	0.51076230	0.05788975
388	-9.31186162	0.72609945	0.11699293
389	-9.32709488	0.50938804	0.05778673
390	-9.34230079	0.72610004	0.11741549
391	-9.35750704	0.50800885	0.05768322
392	-9.37268652	0.72610006	0.11784460
393	-9.38786593	0.50665715	0.05758293
394	-9.40301776	0.72610092	0.11826511
395	-9.41817053	0.50526373	0.05747792
396	-9.43329786	0.72609869	0.11870957
397	-9.44842409	0.50397825	0.05738538
398	-9.46352053	0.72610343	0.11910693
399	-9.47862055	0.50247151	0.05726742
400	-9.49370096	0.72608889	0.11961467
401	-9.50877450	0.50147895	0.05720889
402	-9.52380568	0.72612117	0.11987810
403	-9.53885394	0.49933421	0.05701708
404	-9.55391298	0.72602524	0.12070733
405	-9.56893322	0.49988487	0.05713783
406	-9.58384065	0.72622063	0.12021727
407	-9.59883913	0.49419164	0.05653219
408	-9.61402353	0.72545512	0.12282491
409	-9.62897663	0.50379781	0.05770405
410	-9.64342143	0.72591965	0.11782809
411	-9.65834676	0.47882692	0.05482321
412	-9.67456217	0.71688728	0.13019574
413	-9.68912955	0.55149522	0.06310391
414	-9.70193362	0.68217425	0.09579166
415	-9.71583585	0.46795850	0.05502847
416	-9.73257230	0.66430913	0.12696965
417	-9.74554677	0.64720320	0.07584950
418	-9.75892107	0.50626635	0.06194960
419	-9.77281827	0.65352033	0.10436214
420	-9.78625584	0.53484713	0.06507871
421	-9.79926031	0.64155375	0.09394884
422	-9.81250501	0.51260562	0.06319119
423	-9.82601256	0.64636743	0.10081041
424	-9.83929835	0.52676612	0.06466181
425	-9.85234875	0.64086893	0.09575941
426	-9.86552983	0.51448261	0.06354998
427	-9.87883697	0.64365409	0.09959553
428	-9.89202999	0.52123578	0.06424059
429	-9.90508474	0.64096097	0.09711937
430	-9.91821172	0.51394569	0.06355287
431	-9.93139843	0.64251108	0.09939409
432	-9.94452010	0.51714423	0.06388593
433	-9.95755072	0.64104085	0.09812864
434	-9.97062369	0.51231045	0.06341961
435	-9.98372348	0.64193715	0.09961801
436	-9.99678220	0.51374978	0.06357836
437	-10.00977395	0.64104437	0.09895259
438	-10.02279247	0.51017590	0.06322977
439	-10.03582075	0.64159753	0.10003489
440	-10.04882047	0.51070251	0.06329828
441	-10.06176617	0.64099966	0.09968460
442	-10.07473025	0.50780599	0.06301439
443	-10.08769497	0.64136887	0.10054861
444	-10.10063798	0.50784159	0.06303436
445	-10.11353416	0.64093134	0.10037112
446	-10.12644418	0.50532061	0.06278675
447	-10.13934996	0.64120043	0.10111678
448	-10.15223783	0.50509149	0.06278073
449	-10.16508286	0.64085342	0.10103487
450	-10.17793941	0.50277612	0.06255292
451	-10.19078931	0.64106928	0.10171974
452	-10.20362331	0.50241637	0.06253453
453	-10.21641640	0.64077283	0.10168670
454	-10.22922014	0.50019895	0.06231571
455	-10.24201653	0.64096417	0.10234841
456	-10.25479772	0.49980046	0.06229456
457	-10.26753845	0.64069229	0.10233113
458	-10.28029005	0.49759966	0.06207624
459	-10.29303505	0.64087937	0.10299937
460	-10.30576441	0.49724011	0.06206078
461	-10.31845233	0.64061169	0.10296847
462	-10.33115246	0.49497824	0.06183447
463	-10.34384827	0.64081199	0.10367312
464	-10.35652674	0.49474179	0.06183422
465	-10.36916105	0.64052840	0.10359522
466	-10.38181033	0.49232442	0.06158924
467	-10.39445959	0.64076088	0.10437415
468	-10.40708808	0.49232465	0.06161736
469	-10.41966718	0.64043622	0.10420252
470	-10.43226608	0.48961373	0.06133776
471	-10.44487249	0.64072581	0.10511281
472	-10.45745189	0.49002935	0.06141536
473	-10.46997254	0.64032230	0.10477206
474	-10.48252131	0.48679713	0.06107446
475	-10.49509067	0.64070583	0.10590963
476	-10.50762181	0.48793877	0.06123865
477	-10.52007749	0.64015855	0.10526643
478	-10.53257587	0.48377957	0.06078865
479	-10.54511818	0.64069302	0.10680427
480	-10.55760170	0.48622634	0.06110931
481	-10.56997922	0.63987684	0.10560638
482	-10.58242566	0.48037922	0.06046040
483	-10.59495942	0.64064725	0.10787143
484	-10.60739504	0.48527114	0.06107641
485	-10.61966729	0.63928917	0.10561574
486	-10.63205667	0.47626949	0.06005643
487	-10.64461706	0.64039617	0.10923807
488	-10.65700067	0.48593307	0.06125418
489	-10.66911236	0.63780447	0.10488765
490	-10.68142843	0.47101955	0.05954697
491	-10.69407685	0.63926557	0.11102584
492	-10.70638940	0.49008286	0.06190186
493	-10.71824085	0.63344113	0.10252717
494	-10.73043194	0.46502626	0.05907298
495	-10.74321911	0.63510266	0.11275030
496	-10.75539695	0.50003496	0.06340399
497	-10.76689718	0.62114717	0.09740908
498	-10.77883850	0.46356047	0.05961388
499	-10.79152130	0.62438831	0.11113979
500	-10.80346646	0.50779099	0.06506324
501	-10.81475557	0.60366592	0.09265142
502	-10.82640337	0.47244246	0.06195782
503	-10.83852154	0.60974338	0.10437014
504	-10.85022750	0.50000668	0.06518876
505	-10.86155192	0.59811721	0.09364519
506	-10.87308608	0.47903836	0.06331017
507	-10.88484735	0.60270004	0.10052529
508	-10.89641899	0.49213525	0.06475625
509	-10.90779171	0.59761375	0.09555553
510	-10.91927405	0.48101880	0.06368739
511	-10.93086020	0.60016397	0.09925130
512	-10.94235284	0.48696976	0.06433233
513	-10.95373270	0.59777546	0.09692720
514	-10.96517047	0.48060217	0.06369287
515	-10.97665428	0.59913236	0.09903758
516	-10.98808685	0.48323980	0.06398385
517	-10.99944716	0.59787683	0.09791481
518	-11.01083974	0.47913189	0.06356187
519	-11.02225052	0.59862336	0.09925268
520	-11.03363013	0.48017638	0.06368511
521	-11.04495759	0.59788750	0.09870876
522	-11.05630430	0.47719635	0.06337581
523	-11.06765510	0.59832305	0.09965654
524	-11.07898499	0.47743270	0.06341400
525	-11.09027332	0.59784659	0.09941029
526	-11.10157403	0.47504733	0.06316553
527	-11.11287138	0.59811926	0.10015257
528	-11.12415338	0.47485412	0.06315836
529	-11.13539968	0.59778187	0.10006811
530	-11.14665464	0.47279677	0.06294396
531	-11.15790220	0.59796697	0.10069899
532	-11.16913756	0.47236935	0.06291207
533	-11.18034054	0.59770825	0.10070558
534	-11.19155020	0.47049673	0.06271696
535	-11.20275033	0.59784615	0.10127660
536	-11.21394002	0.46994451	0.06267209
537	-11.22509918	0.59763314	0.10133399
538	-11.23626406	0.46817214	0.06248734
539	-11.24741848	0.59774712	0.10187626
540	-11.25856336	0.46756352	0.06243698
541	-11.26967854	0.59755987	0.10195866
542	-11.28079922	0.46583457	0.06225638
543	-11.29190936	0.59766487	0.10249384
544	-11.30301019	0.46521986	0.06220626
545	-11.31408138	0.59748951	0.10258150
546	-11.32515842	0.46348787	0.06202453
547	-11.33622564	0.59759678	0.10312811
548	-11.34728316	0.46291325	0.06198009
549	-11.35831024	0.59742156	0.10320205
550	-11.36934421	0.46113014	0.06179152
551	-11.38036998	0.59754163	0.10378020
552	-11.39138488	0.46064940	0.06175934
553	-11.40236752	0.59735408	0.10381729
554	-11.41335891	0.45875302	0.06155634
555	-11.42434503	0.59749923	0.10445400
556	-11.43531802	0.45844228	0.06154594
557	-11.44625530	0.59728297	0.10442046
558	-11.45720457	0.45633834	0.06131676
559	-11.46815353	0.59747029	0.10515778
560	-11.47908530	0.45632046	0.06134370
561	-11.48997525	0.59720018	0.10499791
562	-11.50088270	0.45385022	0.06106833
563	-11.51179840	0.59745594	0.10590783
564	-11.52268965	0.45434160	0.06116034
565	-11.53352813	0.59708862	0.10552196
566	-11.54439376	0.45121842	0.06080243
567	-11.55528297	0.59745519	0.10673606
568	-11.56613435	0.45262593	0.06101204
569	-11.57691281	0.59690803	0.10593421
570	-11.58773592	0.44830471	0.06050227
571	-11.59861126	0.59745277	0.10770490
572	-11.60942306	0.45143677	0.06093484
573	-11.62012353	0.59654971	0.10610459
574	-11.63090150	0.44484265	0.06013670
575	-11.64178774	0.59736616	0.10893171
576	-11.65255848	0.45138116	0.06101359
577	-11.66314295	0.59567336	0.10572767
578	-11.67386709	0.44038461	0.05965993
579	-11.68481205	0.59682527	0.11059312
580	-11.69553244	0.45388569	0.06145396
581	-11.70592441	0.59307624	0.10407527
582	-11.71656506	0.43465471	0.05908904
583	-11.72763863	0.59440789	0.11264430
584	-11.73826992	0.46170404	0.06268284
585	-11.74835975	0.58474088	0.09974447
586	-11.75882586	0.43036454	0.05901828
587	-11.76996269	0.58659972	0.11301662
588	-11.78041155	0.47334334	0.06473039
589	-11.79022674	0.56653049	0.09327090
590	-11.80039984	0.43685160	0.06116205
591	-11.81108719	0.57185839	0.10661432
592	-11.82130473	0.46947281	0.06536165
593	-11.83110788	0.55734572	0.09271622
594	-11.84113402	0.44522682	0.06311695
595	-11.85141215	0.56240354	0.10115828
596	-11.86148117	0.46087811	0.06499021
597	-11.87134224	0.55622778	0.09480803
598	-11.88131788	0.44846360	0.06374532
599	-11.89140512	0.55910437	0.09920110
600	-11.90139612	0.45533128	0.06453818
601	-11.91127687	0.55640363	0.09637929
602	-11.92121524	0.44866970	0.06383223
603	-11.93120117	0.55787716	0.09873967
604	-11.94113787	0.45159126	0.06417142
605	-11.95100834	0.55655290	0.09744976
606	-11.96090898	0.44755934	0.06373161
607	-11.97082760	0.55731820	0.09885351
608	-11.98071813	0.44866500	0.06386672
609	-11.99056330	0.55659017	0.09826644
610	-12.00042521	0.44588797	0.06355973
611	-12.01029071	0.55700680	0.09920636
612	-12.02013845	0.44611011	0.06359576
613	-12.02995137	0.55656204	0.09896526
614	-12.03977420	0.44396859	0.06335795
615	-12.04959324	0.55680246	0.09966937
616	-12.05939995	0.44373623	0.06334277
617	-12.06917749	0.55650361	0.09961012
618	-12.07896130	0.44193522	0.06314274
619	-12.08873741	0.55665189	0.10018920
620	-12.09850419	0.44145865	0.06309991
621	-12.10824498	0.55643351	0.10023084
622	-12.11799009	0.43984826	0.06292130
623	-12.12772538	0.55653255	0.10074213
624	-12.13745307	0.43923804	0.06286336
625	-12.14715660	0.55636090	0.10084161
626	-12.15686343	0.43773626	0.06269701
627	-12.16655934	0.55643390	0.10131699
628	-12.17624864	0.43705554	0.06263125
629	-12.18591481	0.55629013	0.10144932
630	-12.19558382	0.43561305	0.06247152
631	-12.20524146	0.55635064	0.10190842
632	-12.21489300	0.43490222	0.06240274
633	-12.22452190	0.55622302	0.10205716
634	-12.23415356	0.43348502	0.06224562
635	-12.24377390	0.55627989	0.10251399
636	-12.25338828	0.43277459	0.06217753
637	-12.26298003	0.55616005	0.10266625
638	-12.27257483	0.43135416	0.06201953
639	-12.28215880	0.55622010	0.10313308
640	-12.29173658	0.43067282	0.06195581
641	-12.30129127	0.55610077	0.10327612
642	-12.31084968	0.42921897	0.06179306
643	-12.32039828	0.55617054	0.10376659
644	-12.32994001	0.42860074	0.06173819
645	-12.33945757	0.55604387	0.10388466
646	-12.34898001	0.42707388	0.06156549
647	-12.35849445	0.55613120	0.10441730
648	-12.36800069	0.42656733	0.06152599
649	-12.37748070	0.55598682	0.10448726
650	-12.38696759	0.42490706	0.06133525
651	-12.39644948	0.55610278	0.10509103
652	-12.40592077	0.42459065	0.06132179
653	-12.41536220	0.55592489	0.10507471
654	-12.42481384	0.42269513	0.06109921
655	-12.43426564	0.55608681	0.10579927
656	-12.44370255	0.42270680	0.06113075
657	-12.45310308	0.55584851	0.10562852
658	-12.46251964	0.42039212	0.06085122
659	-12.47194553	0.55608503	0.10656466
660	-12.48134863	0.42099029	0.06096353
661	-12.49070334	0.55573633	0.10611014
662	-12.50008464	0.41790609	0.06057905
663	-12.50949233	0.55609518	0.10743253
664	-12.51886211	0.41960265	0.06084355
665	-12.52816052	0.55553365	0.10643469
666	-12.53750550	0.41505198	0.06025847
667	-12.54691020	0.55608975	0.10849332
668	-12.55624658	0.41891434	0.06082547
669	-12.56546607	0.55507698	0.10640396
670	-12.57477090	0.41147403	0.05984535
671	-12.58420364	0.55591788	0.10991416
672	-12.59350347	0.41981985	0.06104451
673	-12.60259524	0.55379405	0.10553080
674	-12.61184655	0.40665132	0.05929007
675	-12.62136585	0.55489265	0.11188930
676	-12.63061231	0.42443327	0.06183257
677	-12.63948389	0.54949915	0.10265648
678	-12.64863393	0.40097591	0.05876207
679	-12.65829058	0.55058856	0.11381944
680	-12.66742177	0.43554383	0.06370918
681	-12.67599665	0.53604098	0.09627055
682	-12.68492238	0.40110159	0.05968457
683	-12.69443590	0.53914009	0.11095971
684	-12.70336725	0.44172581	0.06545880
685	-12.71181038	0.51950384	0.09154643
686	-12.72050774	0.41140498	0.06256849
687	-12.72951699	0.52512114	0.10277284
688	-12.73826242	0.43240755	0.06534311
689	-12.74676524	0.51642011	0.09354587
690	-12.75539931	0.41696702	0.06376563
691	-12.76416603	0.51995881	0.09932126
692	-12.77282317	0.42575826	0.06485288
693	-12.78136361	0.51653700	0.09551648
694	-12.78996592	0.41821057	0.06401879
695	-12.79862144	0.51827516	0.09836825
696	-12.80722642	0.42172064	0.06444692
697	-12.81576786	0.51676720	0.09676768
698	-12.82433896	0.41757308	0.06396923
699	-12.83292892	0.51760006	0.09831089
700	-12.84149269	0.41881826	0.06412580
701	-12.85001625	0.51684658	0.09764357
702	-12.85855466	0.41617782	0.06381570
703	-12.86709638	0.51725749	0.09859376
704	-12.87562289	0.41639694	0.06385012
705	-12.88412016	0.51683421	0.09835267
706	-12.89262521	0.41446789	0.06362192
707	-12.90112609	0.51704487	0.09902051
708	-12.90961714	0.41419194	0.06359709
709	-12.91808449	0.51678014	0.09898934
710	-12.92655608	0.41262151	0.06341117
711	-12.93501970	0.51689210	0.09951558
712	-12.94347635	0.41209267	0.06335582
713	-12.95191227	0.51670999	0.09959521
714	-12.96035058	0.41071436	0.06319294
715	-12.96877893	0.51677163	0.10004742
716	-12.97720191	0.41005059	0.06312121
717	-12.98560585	0.51663586	0.10018915
718	-12.99401121	0.40878044	0.06297147
719	-13.00240554	0.51667145	0.10060189
720	-13.01079545	0.40804331	0.06289084
721	-13.01916731	0.51656329	0.10078002
722	-13.02754010	0.40683586	0.06274878
723	-13.03590133	0.51658575	0.10117233
724	-13.04425869	0.40606015	0.06266356
725	-13.05259861	0.51649476	0.10137208
726	-13.06093923	0.40488851	0.06252589
727	-13.06926808	0.51651149	0.10175545
728	-13.07759339	0.40409601	0.06243886
729	-13.08590157	0.51643124	0.10196735
730	-13.09421044	0.40294216	0.06230330
731	-13.10250756	0.51644693	0.10234972
732	-13.11080128	0.40214877	0.06221655
733	-13.11907798	0.51637292	0.10256659
734	-13.12735551	0.40099821	0.06208122
735	-13.13562152	0.51639102	0.10295463
736	-13.14388411	0.40021820	0.06199669
737	-13.15212955	0.51631948	0.10316972
738	-13.16037614	0.39905631	0.06185961
739	-13.16861168	0.51634316	0.10357046
740	-13.17684356	0.39830580	0.06177959
741	-13.18505793	0.51627023	0.10377582
742	-13.19327396	0.39711422	0.06163816
743	-13.20147973	0.51630313	0.10419846
744	-13.20968135	0.39641533	0.06156585
745	-13.21786467	0.51622397	0.10438280
746	-13.22605051	0.39516689	0.06141618
747	-13.23422739	0.51627118	0.10484130
748	-13.24239918	0.39455437	0.06135665
749	-13.25055122	0.51617873	0.10498652
750	-13.25870721	0.39320426	0.06119221
751	-13.26685639	0.51624816	0.10550435
752	-13.27499879	0.39273786	0.06115428
753	-13.28311884	0.51613091	0.10557882
754	-13.29124526	0.39120645	0.06096338
755	-13.29936861	0.51623579	0.10619821
756	-13.30748207	0.39099595	0.06096334
757	-13.31556841	0.51607338	0.10614307
758	-13.32366543	0.38913345	0.06072384
759	-13.33176619	0.51623664	0.10694440
760	-13.33985119	0.38939232	0.06079361
761	-13.34790000	0.51599008	0.10664378
762	-13.35596756	0.38690247	0.06046152
763	-13.36405193	0.51625171	0.10778759
764	-13.37210893	0.38806868	0.06066708
765	-13.38011177	0.51583903	0.10700072
766	-13.38814915	0.38433948	0.06015136
767	-13.39622987	0.51626484	0.10882140
768	-13.40425899	0.38736046	0.06063664
769	-13.41219685	0.51548992	0.10702058
770	-13.42020129	0.38108834	0.05974385
771	-13.42830565	0.51616094	0.11023256
772	-13.43630476	0.38811242	0.06083844
773	-13.44413471	0.51445710	0.10620783
774	-13.45209578	0.37655380	0.05916852
775	-13.46027950	0.51533886	0.11229160
776	-13.46823502	0.39247590	0.06163047
777	-13.47586965	0.51069084	0.10329329
778	-13.48374623	0.37082128	0.05854666
779	-13.49207282	0.51139201	0.11456133
780	-13.49992753	0.40400566	0.06367804
781	-13.50728276	0.49733387	0.09624659
782	-13.51495326	0.37070809	0.05947440
783	-13.52316393	0.49996338	0.11163214
784	-13.53083319	0.41116190	0.06569503
785	-13.53806686	0.47979875	0.09073141
786	-13.54551904	0.38206438	0.06284491
787	-13.55323162	0.48526502	0.10210350
788	-13.56072747	0.40095849	0.06550458
789	-13.56802722	0.47743943	0.09325072
790	-13.57543112	0.38748660	0.06404736
791	-13.58293591	0.48058444	0.09862271
792	-13.59035783	0.39468579	0.06498741
793	-13.59769144	0.47775504	0.09528908
794	-13.60507023	0.38851964	0.06425951
795	-13.61248503	0.47916675	0.09776633
796	-13.61986394	0.39107826	0.06458865
797	-13.62719651	0.47799308	0.09649276
798	-13.63454891	0.38781408	0.06418640
799	-13.64191111	0.47861066	0.09777145
800	-13.64925561	0.38851077	0.06427951
801	-13.65657106	0.47805154	0.09731640
802	-13.66389544	0.38645306	0.06402091
803	-13.67121843	0.47832520	0.09808611
804	-13.67853151	0.38635435	0.06401353
805	-13.68582324	0.47802168	0.09798483
806	-13.69311900	0.38483492	0.06382128
807	-13.70040827	0.47814247	0.09852609
808	-13.70769129	0.38437258	0.06376754
809	-13.71495665	0.47795635	0.09859083
810	-13.72222372	0.38311141	0.06360789
811	-13.72948187	0.47800642	0.09902368
812	-13.73673561	0.38247220	0.06353134
813	-13.74397361	0.47787941	0.09917273
814	-13.75121218	0.38134393	0.06338878
815	-13.75844060	0.47789570	0.09955178
816	-13.76566563	0.38061427	0.06330045
817	-13.77287600	0.47780119	0.09974701
818	-13.78008637	0.37955898	0.06316743
819	-13.78728594	0.47780124	0.10009870
820	-13.79448275	0.37878158	0.06307286
821	-13.80166553	0.47772614	0.10032104
822	-13.80884801	0.37776867	0.06294546
823	-13.81601941	0.47771875	0.10065909
824	-13.82318841	0.37696621	0.06284765
825	-13.83034378	0.47765611	0.10089828
826	-13.83749875	0.37597888	0.06272368
827	-13.84464249	0.47764596	0.10123033
828	-13.85178409	0.37516437	0.06262440
829	-13.85891231	0.47759179	0.10148039
830	-13.86604011	0.37419252	0.06250254
831	-13.87315667	0.47758153	0.10181112
832	-13.88027125	0.37337433	0.06240295
833	-13.88737261	0.47753328	0.10206811
834	-13.89447359	0.37241102	0.06228226
835	-13.90156341	0.47752458	0.10240085
836	-13.90865133	0.37159540	0.06218327
837	-13.91572612	0.47748037	0.10266168
838	-13.92280064	0.37063491	0.06206296
839	-13.92986414	0.47747449	0.10299930
840	-13.93692577	0.36982764	0.06196543
841	-13.94397427	0.47743271	0.10326100
842	-13.95102266	0.36886401	0.06184463
843	-13.95806027	0.47743081	0.10360662
844	-13.96509596	0.36807181	0.06174961
845	-13.97211840	0.47738977	0.10386560
846	-13.97914100	0.36709737	0.06162716
847	-13.98615317	0.47739327	0.10422337
848	-13.99316327	0.36632958	0.06153612
849	-14.00015986	0.47735086	0.10447446
850	-14.00715698	0.36533281	0.06141023
851	-14.01414423	0.47736182	0.10485081
852	-14.02112908	0.36460422	0.06132552
853	-14.02809989	0.47731497	0.10508566
854	-14.03507183	0.36356597	0.06119318
855	-14.04203481	0.47733674	0.10549145
856	-14.04899474	0.36290213	0.06111888
857	-14.05593966	0.47728054	0.10569543
858	-14.06288670	0.36178817	0.06097466
859	-14.06982631	0.47731884	0.10615032
860	-14.07676169	0.36123612	0.06091832
861	-14.08368019	0.47724480	0.10629618
862	-14.09060257	0.35998174	0.06075185
863	-14.09752027	0.47730989	0.10683778
864	-14.10443145	0.35963300	0.06072826
865	-14.11132218	0.47720212	0.10687182
866	-14.11822007	0.35810946	0.06051882
867	-14.12511852	0.47731285	0.10757581
868	-14.13200590	0.35815186	0.06055849
869	-14.13886565	0.47713950	0.10738654
870	-14.14573903	0.35609032	0.06026259
871	-14.15262358	0.47733041	0.10841255
872	-14.15948757	0.35693049	0.06043205
873	-14.16630888	0.47702133	0.10775549
874	-14.17315720	0.35374403	0.05995454
875	-14.18003953	0.47735145	0.10945515
876	-14.18688027	0.35631202	0.06040722
877	-14.19364540	0.47672836	0.10776368
878	-14.20046639	0.35067724	0.05953386
879	-14.20737314	0.47726715	0.11093334
880	-14.21418877	0.35721459	0.06064304
881	-14.22085528	0.47576593	0.10682605
882	-14.22763922	0.34617933	0.05890360
883	-14.23462891	0.47642024	0.11321664
884	-14.24140552	0.36216494	0.06158961
885	-14.24788282	0.47174862	0.10333067
886	-14.25458661	0.34033922	0.05821067
887	-14.26172721	0.47193896	0.11575154
888	-14.26840118	0.37553797	0.06411996
889	-14.27461410	0.45592681	0.09464689
890	-14.28110325	0.34234498	0.05977715
891	-14.28805256	0.45892627	0.11073624
892	-14.29454795	0.37973187	0.06599119
893	-14.30069212	0.44012745	0.09009097
894	-14.30700606	0.35428573	0.06343612
895	-14.31350840	0.44518770	0.10060580
896	-14.31985877	0.36903104	0.06561647
897	-14.32607104	0.43918896	0.09326182
898	-14.33235514	0.35871109	0.06441355
899	-14.33870383	0.44165235	0.09767496
900	-14.34499866	0.36369142	0.06509582
901	-14.35123450	0.43963861	0.09518050
902	-14.35749847	0.35921690	0.06452576
903	-14.36378156	0.44062324	0.09708818
904	-14.37004250	0.36068653	0.06472441
905	-14.37627273	0.43982684	0.09625202
906	-14.38251399	0.35833864	0.06441254
907	-14.38875729	0.44020993	0.09721091
908	-14.39499003	0.35849644	0.06443543
909	-14.40120297	0.43984164	0.09699281
910	-14.40742013	0.35697488	0.06422951
911	-14.41363250	0.43998546	0.09757672
912	-14.41983902	0.35660676	0.06418168
913	-14.42603032	0.43978680	0.09761101
914	-14.43222297	0.35543237	0.06402172
915	-14.43840793	0.43983216	0.09803757
916	-14.44458914	0.35483794	0.06394304
917	-14.45075723	0.43970827	0.09818458
918	-14.45692541	0.35382147	0.06380449
919	-14.46308460	0.43971165	0.09854141
920	-14.46924106	0.35312327	0.06371144
921	-14.47538545	0.43962441	0.09874355
922	-14.48152937	0.35218460	0.06358363
923	-14.48766368	0.43960969	0.09906828
924	-14.49379584	0.35143640	0.06348357
925	-14.49991649	0.43954248	0.09930004
926	-14.50603641	0.35053924	0.06336159
927	-14.51214645	0.43952036	0.09960996
928	-14.51825466	0.34976626	0.06325804
929	-14.52435172	0.43946535	0.09985925
930	-14.53044795	0.34889311	0.06313950
931	-14.53653417	0.43944086	0.10016280
932	-14.54261878	0.34810800	0.06303425
933	-14.54869248	0.43939409	0.10042346
934	-14.55476531	0.34724983	0.06291791
935	-14.56082810	0.43936970	0.10072506
936	-14.56688945	0.34645941	0.06281197
937	-14.57294004	0.43932895	0.10099375
938	-14.57898979	0.34561121	0.06269714
939	-14.58502951	0.43930593	0.10129589
940	-14.59106790	0.34481949	0.06259112
941	-14.59709566	0.43926986	0.10157060
942	-14.60312262	0.34397821	0.06247737
943	-14.60913961	0.43924888	0.10187481
944	-14.61515536	0.34318781	0.06237169
945	-14.62116056	0.43921659	0.10215418
946	-14.62716504	0.34235132	0.06225873
947	-14.63315961	0.43919803	0.10246160
948	-14.63915301	0.34156428	0.06215371
949	-14.64513594	0.43916879	0.10274455
950	-14.65111822	0.34073077	0.06204128
951	-14.65709068	0.43915294	0.10305614
952	-14.66306203	0.33994900	0.06193726
953	-14.66902295	0.43912610	0.10334159
954	-14.67498331	0.33911653	0.06182507
955	-14.68093399	0.43911321	0.10365849
956	-14.68688357	0.33834230	0.06172244
957	-14.69282273	0.43908810	0.10394510
958	-14.69876146	0.33750831	0.06161007
959	-14.70469066	0.43907854	0.10426881
960	-14.71061875	0.33674483	0.06150940
961	-14.71653639	0.43905433	0.10455465
962	-14.72245374	0.33590538	0.06139619
963	-14.72836180	0.43904870	0.10488756
964	-14.73426868	0.33515777	0.06129838
965	-14.74016498	0.43902424	0.10516948
966	-14.74606123	0.33430626	0.06118322
967	-14.75194851	0.43902359	0.10551567
968	-14.75783445	0.33358336	0.06108981
969	-14.76370953	0.43899711	0.10578816
970	-14.76958492	0.33270791	0.06097065
971	-14.77545187	0.43900335	0.10615504
972	-14.78131714	0.33202607	0.06088450
973	-14.78717100	0.43897185	0.10640779
974	-14.79302577	0.33110409	0.06075742
975	-14.79887302	0.43898855	0.10680966
976	-14.80471789	0.33049518	0.06068412
977	-14.81055025	0.43894659	0.10702235
978	-14.81638460	0.32948150	0.06054120
979	-14.82221315	0.43898054	0.10748812
980	-14.82803791	0.32901102	0.06049233
981	-14.83384789	0.43891758	0.10761849
982	-14.83966198	0.32781065	0.06031683
983	-14.84547373	0.43898199	0.10820964
984	-14.85127869	0.32762043	0.06031755
985	-14.85706402	0.43887609	0.10816508
986	-14.86285791	0.32602359	0.06007232
987	-14.86865685	0.43899668	0.10901892
988	-14.87444235	0.32643787	0.06018057
989	-14.88019741	0.43879770	0.10858500
990	-14.88597081	0.32395915	0.05977932
991	-14.89176614	0.43902132	0.11002243
992	-14.89753241	0.32576244	0.06013633
993	-14.90324300	0.43859675	0.10867333
994	-14.90899446	0.32123600	0.05937181
995	-14.91480867	0.43898194	0.11147036
996	-14.92055460	0.32644075	0.06034306
997	-14.92618437	0.43788466	0.10784044
998	-14.93190692	0.31706269	0.05872208
999	-14.93779455	0.43832723	0.11384894
1000	-14.94350940	0.33102339	0.06128783
