Iter	fval		||grad||	alpha
0	31.05626974	40.76948089	0.00000000
1	14.60549762	27.89805255	0.06250000
2	6.88175782	19.09536164	0.06250000
3	3.24347936	13.07727359	0.06250000
4	1.51826692	8.96574787	0.06250000
5	0.68933325	6.16072292	0.06250000
6	0.28073551	4.25249744	0.06250000
7	0.06965875	2.96175383	0.06250000
8	-0.04823908	2.09830694	0.06250000
9	-0.12184776	1.53227031	0.06250000
10	-0.17409961	1.17327715	0.06250000
11	-0.21577404	0.95562438	0.06250000
12	-0.24635984	1.63929146	0.12500000
13	-0.29839147	1.22621349	0.06250000
14	-0.33800928	0.97112699	0.06250000
15	-0.35374884	1.77146404	0.12500000
16	-0.40758160	1.30029133	0.06250000
17	-0.44657847	1.00420640	0.06250000
18	-0.44751778	1.92773039	0.12500000
19	-0.50505018	1.39394632	0.06250000
20	-0.54465825	1.05329400	0.06250000
21	-0.57564051	0.84595556	0.06250000
22	-0.59307280	1.50648419	0.12500000
23	-0.63444025	1.11748075	0.06250000
24	-0.66541841	0.87644625	0.06250000
25	-0.67314835	1.63790719	0.12500000
26	-0.71743089	1.19640173	0.06250000
27	-0.74910752	0.91834996	0.06250000
28	-0.77473865	0.75227636	0.06250000
29	-0.79464912	1.29014102	0.12500000
30	-0.82772245	0.97158432	0.06250000
31	-0.85348318	0.77774770	0.06250000
32	-0.86675767	1.39915521	0.12500000
33	-0.90196797	1.03635042	0.06250000
34	-0.92828558	0.81170474	0.06250000
35	-0.93414956	1.52421692	0.12500000
36	-0.97232162	1.11308357	0.06250000
37	-0.99964286	0.85445199	0.06250000
38	-1.02179824	0.70040319	0.06250000
39	-1.03908880	1.20242018	0.12500000
40	-1.06790544	0.90644429	0.06250000
41	-1.09043436	0.72684435	0.06250000
42	-1.10243846	1.30517840	0.12500000
43	-1.13331245	0.96826074	0.06250000
44	-1.15651187	0.76023008	0.06250000
45	-1.16242502	1.42234951	0.12500000
46	-1.19601503	1.04059096	0.06250000
47	-1.22022024	0.80111013	0.06250000
48	-1.23997070	0.65907122	0.06250000
49	-1.25609097	1.12423104	0.12500000
50	-1.28169126	0.85010631	0.06250000
51	-1.30185597	0.68445253	0.06250000
52	-1.31355288	1.22008671	0.12500000
53	-1.34100890	0.90790519	0.06250000
54	-1.36182069	0.71591484	0.06250000
55	-1.36835134	1.32918176	0.12500000
56	-1.39821507	0.97525786	0.06250000
57	-1.41994682	0.75407168	0.06250000
58	-1.42037399	1.45266986	0.12500000
59	-1.45331229	1.05298572	0.06250000
60	-1.47628855	0.79958095	0.06250000
61	-1.49455570	0.64721112	0.06250000
62	-1.50626384	1.14199056	0.12500000
63	-1.53087453	0.85314364	0.06250000
64	-1.54972549	0.67634582	0.06250000
65	-1.55699153	1.24326781	0.12500000
66	-1.58370830	0.91550740	0.06250000
67	-1.60337306	0.71157645	0.06250000
68	-1.60537152	1.35792165	0.12500000
69	-1.63476750	0.98747455	0.06250000
70	-1.65552256	0.75355273	0.06250000
71	-1.67219394	0.61368487	0.06250000
72	-1.68400171	1.06991350	0.12500000
73	-1.70618151	0.80295906	0.06250000
74	-1.72336529	0.64042972	0.06250000
75	-1.73132896	1.16377262	0.12500000
76	-1.75533974	0.86051849	0.06250000
77	-1.77323269	0.67276781	0.06250000
78	-1.77663094	1.27009577	0.12500000
79	-1.80296767	0.92700040	0.06250000
80	-1.82180753	0.71132598	0.06250000
81	-1.83710431	0.58315370	0.06250000
82	-1.84901361	1.00323141	0.12500000
83	-1.86908887	0.75676216	0.06250000
84	-1.88482914	0.60757496	0.06250000
85	-1.89340029	1.09010862	0.12500000
86	-1.91506206	0.80976852	0.06250000
87	-1.93141529	0.63714276	0.06250000
88	-1.93602015	1.18861442	0.12500000
89	-1.95969684	0.87107815	0.06250000
90	-1.97686829	0.67245655	0.06250000
91	-1.99096480	0.55518634	0.06250000
92	-2.00294470	0.94147479	0.12500000
93	-2.02118388	0.71414509	0.06250000
94	-2.03566089	0.57740006	0.06250000
95	-2.04473566	1.02180501	0.12500000
96	-2.06434660	0.76286859	0.06250000
97	-2.07935054	0.60435290	0.06250000
98	-2.08497409	1.11299209	0.12500000
99	-2.10632794	0.81932411	0.06250000
100	-2.12203645	0.63661590	0.06250000
101	-2.12353350	1.21605105	0.12500000
102	-2.14708408	0.88425402	0.06250000
103	-2.16371324	0.67478849	0.06250000
104	-2.17707681	0.54962323	0.06250000
105	-2.18655287	0.95845688	0.12500000
106	-2.20436613	0.71949960	0.06250000
107	-2.21818079	0.57412717	0.06250000
108	-2.22465020	1.04280036	0.12500000
109	-2.24396935	0.77141181	0.06250000
110	-2.25838896	0.60353690	0.06250000
111	-2.26126542	1.13823525	0.12500000
112	-2.28248399	0.83122844	0.06250000
113	-2.29769584	0.63842320	0.06250000
114	-2.31007281	0.52401698	0.06250000
115	-2.31985546	0.89970320	0.12500000
116	-2.33608799	0.67938499	0.06250000
117	-2.34884963	0.54623906	0.06250000
118	-2.35601025	0.97765196	0.12500000
119	-2.37354253	0.72705227	0.06250000
120	-2.38682224	0.57298996	0.06250000
121	-2.39085196	1.06596583	0.12500000
122	-2.41002533	0.78209190	0.06250000
123	-2.42398553	0.60481275	0.06250000
124	-2.42425636	1.16562532	0.12500000
125	-2.44548875	0.84521595	0.06250000
126	-2.46032757	0.64227770	0.06250000
127	-2.47215328	0.52049113	0.06250000
128	-2.47986881	0.91719235	0.12500000
129	-2.49582833	0.68598419	0.06250000
130	-2.50809655	0.54477137	0.06250000
131	-2.51308173	0.99885698	0.12500000
132	-2.53045809	0.73656509	0.06250000
133	-2.54330972	0.57374440	0.06250000
134	-2.54501968	1.09112698	0.12500000
135	-2.56417545	0.79469401	0.06250000
136	-2.57778237	0.60795321	0.06250000
137	-2.58877336	0.49670700	0.06250000
138	-2.59692489	0.86109463	0.12500000
139	-2.61149715	0.64796828	0.06250000
140	-2.62286507	0.51869690	0.06250000
141	-2.62863377	0.93655189	0.12500000
142	-2.64442830	0.69439093	0.06250000
143	-2.65629540	0.54502404	0.06250000
144	-2.65920856	1.02192441	0.12500000
145	-2.67653996	0.74785920	0.06250000
146	-2.68905541	0.57620524	0.06250000
147	-2.69929953	0.47472662	0.06250000
148	-2.70778406	0.80905607	0.12500000
149	-2.72113011	0.61278374	0.06250000
150	-2.73169434	0.49459800	0.06250000
151	-2.73809769	0.87871959	0.12500000
152	-2.75249730	0.65533144	0.06250000
153	-2.76348774	0.51847293	0.06250000
154	-2.76739986	0.95765444	0.12500000
155	-2.78312601	0.70445351	0.06250000
156	-2.79467211	0.54684305	0.06250000
157	-2.79558752	1.04674440	0.12500000
158	-2.81297469	0.76079552	0.06250000
159	-2.82523461	0.58022580	0.06250000
160	-2.83507932	0.47231933	0.06250000
161	-2.84198892	0.82505243	0.12500000
162	-2.85515616	0.61916551	0.06250000
163	-2.86536390	0.49392557	0.06250000
164	-2.87009863	0.89797931	0.12500000
165	-2.88441006	0.66423697	0.06250000
166	-2.89509319	0.51968949	0.06250000
167	-2.89721460	0.98040299	0.12500000
168	-2.91296047	0.71605132	0.06250000
169	-2.92425628	0.55010385	0.06250000
170	-2.93345496	0.45171705	0.06250000
171	-2.94076038	0.77526403	0.12500000
172	-2.95283677	0.58568712	0.06250000
173	-2.96234384	0.47122818	0.06250000
174	-2.96774919	0.84258456	0.12500000
175	-2.98081174	0.62698588	0.06250000
176	-2.99072473	0.49457949	0.06250000
177	-2.99384971	0.91878737	0.12500000
178	-3.00815030	0.67457959	0.06250000
179	-3.01858836	0.52224009	0.06250000
180	-3.01896447	1.00472369	0.12500000
181	-3.03481187	0.72908745	0.06250000
182	-3.04592076	0.55470397	0.06250000
183	-3.05479889	0.45023750	0.06250000
184	-3.06074411	0.79117715	0.12500000
185	-3.07270223	0.59249141	0.06250000
186	-3.08192618	0.47135898	0.06250000
187	-3.08588026	0.86157502	0.12500000
188	-3.09890620	0.63615266	0.06250000
189	-3.10857941	0.49646834	0.06250000
190	-3.11013600	0.94107708	0.12500000
191	-3.12449770	0.68627366	0.06250000
192	-3.13474668	0.52603625	0.06250000
193	-3.14305869	0.43081994	0.06250000
194	-3.14943153	0.74348383	0.12500000
195	-3.16041112	0.56055836	0.06250000
196	-3.16901701	0.44988400	0.06250000
197	-3.17365002	0.80846531	0.12500000
198	-3.18554992	0.60055785	0.06250000
199	-3.19453947	0.47263314	0.06250000
200	-3.19708021	0.88196340	0.12500000
201	-3.21013296	0.64659013	0.06250000
202	-3.21961599	0.49951570	0.06250000
203	-3.21963051	0.96479775	0.12500000
204	-3.23412126	0.69924957	0.06250000
205	-3.24423217	0.53100407	0.06250000
206	-3.25228215	0.43001993	0.06250000
207	-3.25746499	0.75917787	0.12500000
208	-3.26836843	0.56759625	0.06250000
209	-3.27674535	0.45058897	0.06250000
210	-3.28010110	0.82707372	0.12500000
211	-3.29199887	0.60981956	0.06250000
212	-3.30079806	0.47498474	0.06250000
213	-3.30195034	0.90370335	0.12500000
214	-3.31508989	0.65823627	0.06250000
215	-3.32442802	0.50365749	0.06250000
216	-3.33197662	0.41164095	0.06250000
217	-3.33759849	0.71345106	0.12500000
218	-3.34761846	0.53708171	0.06250000
219	-3.35544498	0.43019957	0.06250000
220	-3.35947020	0.77611989	0.12500000
221	-3.37034715	0.57575874	0.06250000
222	-3.37853434	0.45229568	0.06250000
223	-3.38063647	0.84695993	0.12500000
224	-3.39258514	0.62022143	0.06250000
225	-3.40123429	0.47835835	0.06250000
226	-3.40832943	0.39462942	0.06250000
227	-3.41429537	0.67104060	0.12500000
228	-3.42353050	0.50883988	0.06250000
229	-3.43086120	0.41133737	0.06250000
230	-3.43543077	0.72883311	0.12500000
231	-3.44540390	0.54421752	0.06250000
232	-3.45304200	0.43131017	0.06250000
233	-3.45593211	0.79427107	0.12500000
234	-3.46682960	0.58499704	0.06250000
235	-3.47486304	0.45495643	0.06250000
236	-3.47572518	0.86809194	0.12500000
237	-3.48777565	0.63171832	0.06250000
238	-3.49631209	0.48270741	0.06250000
239	-3.50319489	0.39388299	0.06250000
240	-3.50820144	0.68496247	0.12500000
241	-3.51737282	0.51501782	0.06250000
242	-3.52451699	0.41189854	0.06250000
243	-3.52805577	0.74536031	0.12500000
244	-3.53802384	0.55236852	0.06250000
245	-3.54550573	0.43331089	0.06250000
246	-3.54727451	0.81360188	0.12500000
247	-3.55823766	0.59527099	0.06250000
248	-3.56615072	0.45853115	0.06250000
249	-3.57262778	0.37772481	0.06250000
250	-3.57797924	0.64427368	0.12500000
251	-3.58643800	0.48799285	0.06250000
252	-3.59313665	0.39393933	0.06250000
253	-3.59720438	0.69996966	0.12500000
254	-3.60634922	0.52215371	0.06250000
255	-3.61333576	0.41328969	0.06250000
256	-3.61585762	0.76300547	0.12500000
257	-3.62586073	0.56149919	0.06250000
258	-3.63321630	0.43616752	0.06250000
259	-3.63386973	0.83409074	0.12500000
260	-3.64494234	0.60654787	0.06250000
261	-3.65276634	0.46298626	0.06250000
262	-3.65906203	0.37731889	0.06250000
263	-3.66355590	0.65785832	0.12500000
264	-3.67197019	0.49418204	0.06250000
265	-3.67851070	0.39476909	0.06250000
266	-3.68165350	0.71603724	0.12500000
267	-3.69080751	0.53021635	0.06250000
268	-3.69766329	0.41548187	0.06250000
269	-3.69917526	0.78174849	0.12500000
270	-3.70925231	0.57158046	0.06250000
271	-3.71650965	0.43985144	0.06250000
272	-3.72243982	0.36193089	0.06250000
273	-3.72727169	0.61880140	0.12500000
274	-3.73503637	0.46829366	0.06250000
275	-3.74117415	0.37763315	0.06250000
276	-3.74482428	0.67244946	0.12500000
277	-3.75322599	0.50124782	0.06250000
278	-3.75963255	0.39634794	0.06250000
279	-3.76185831	0.73314654	0.12500000
280	-3.77105615	0.53918011	0.06250000
281	-3.77780642	0.41845093	0.06250000
282	-3.77830931	0.80157543	0.12500000
283	-3.78849850	0.58258880	0.06250000
284	-3.79568429	0.44433874	0.06250000
285	-3.80145742	0.36177336	0.06250000
286	-3.80551734	0.63201090	0.12500000
287	-3.81325122	0.47442999	0.06250000
288	-3.81925296	0.37864741	0.06250000
289	-3.82206794	0.68802988	0.12500000
290	-3.83048799	0.50916780	0.06250000
291	-3.83678339	0.39865580	0.06250000
292	-3.83809454	0.75128441	0.12500000
293	-3.84737019	0.54902413	0.06250000
294	-3.85403895	0.42217681	0.06250000
295	-3.85948097	0.34708825	0.06250000
296	-3.86386702	0.59450560	0.12500000
297	-3.87100686	0.44960958	0.06250000
298	-3.87664278	0.36226941	0.06250000
299	-3.87993987	0.64616057	0.12500000
300	-3.88767063	0.48137593	0.06250000
301	-3.89355693	0.38034518	0.06250000
302	-3.89554053	0.70458724	0.12500000
303	-3.90400925	0.51792370	0.06250000
304	-3.91021514	0.40167609	0.06250000
305	-3.91060907	0.77044250	0.12500000
306	-3.91999618	0.55973178	0.06250000
307	-3.92660647	0.42664288	0.06250000
308	-3.93191088	0.34711019	0.06250000
309	-3.93559810	0.60731646	0.12500000
310	-3.94271682	0.45564751	0.06250000
311	-3.94823421	0.36340576	0.06250000
312	-3.95077337	0.66123891	0.12500000
313	-3.95852812	0.48911564	0.06250000
314	-3.96431858	0.38271302	0.06250000
315	-3.96547014	0.72211349	0.12500000
316	-3.97401752	0.52750083	0.06250000
317	-3.98015467	0.40539515	0.06250000
318	-3.98515781	0.33307271	0.06250000
319	-3.98915628	0.57129010	0.12500000
320	-3.99573042	0.43183543	0.06250000
321	-4.00091423	0.34773138	0.06250000
322	-4.00390843	0.62101077	0.12500000
323	-4.01103032	0.46243905	0.06250000
324	-4.01644696	0.36517175	0.06250000
325	-4.01822917	0.67723822	0.12500000
326	-4.02603471	0.49763636	0.06250000
327	-4.03174812	0.38573999	0.06250000
328	-4.03206282	0.74060435	0.12500000
329	-4.04071882	0.53788766	0.06250000
330	-4.04680738	0.40980178	0.06250000
331	-4.05168868	0.33322271	0.06250000
332	-4.05505161	0.58368940	0.12500000
333	-4.06161145	0.43774320	0.06250000
334	-4.06669083	0.34894366	0.06250000
335	-4.06899437	0.63558126	0.12500000
336	-4.07614344	0.46997328	0.06250000
337	-4.08147640	0.36755890	0.06250000
338	-4.08249896	0.69415420	0.12500000
339	-4.09038202	0.50692795	0.06250000
340	-4.09603660	0.38941722	0.06250000
341	-4.10064280	0.31978684	0.06250000
342	-4.10430041	0.54907545	0.12500000
343	-4.11036006	0.41488684	0.06250000
344	-4.11513430	0.33392703	0.06250000
345	-4.11786519	0.59692288	0.12500000
346	-4.12443228	0.44435706	0.06250000
347	-4.12942276	0.35074073	0.06250000
348	-4.13103475	0.65102364	0.12500000
349	-4.13823490	0.47824149	0.06250000
350	-4.14350069	0.37056047	0.06250000
351	-4.14375744	0.71198556	0.12500000
352	-4.15174486	0.51698267	0.06250000
353	-4.15735840	0.39373754	0.06250000
354	-4.16185579	0.32002664	0.06250000
355	-4.16493330	0.56105795	0.12500000
356	-4.17098344	0.42064292	0.06250000
357	-4.17566479	0.33518132	0.06250000
358	-4.17776427	0.61098637	0.12500000
359	-4.18436004	0.45166971	0.06250000
360	-4.18927664	0.35311778	0.06250000
361	-4.19019311	0.66733632	0.12500000
362	-4.19746834	0.48723697	0.06250000
363	-4.20268308	0.37417114	0.06250000
364	-4.20692856	0.30715346	0.06250000
365	-4.21028345	0.52779491	0.12500000
366	-4.21587345	0.39869520	0.06250000
367	-4.22027501	0.32078308	0.06250000
368	-4.22277432	0.57383120	0.12500000
369	-4.22883422	0.42706412	0.06250000
370	-4.23343639	0.33698248	0.06250000
371	-4.23490235	0.62587808	0.12500000
372	-4.24154829	0.45967548	0.06250000
373	-4.24640566	0.35607117	0.06250000
374	-4.24661968	0.68452018	0.12500000
375	-4.25399421	0.49695476	0.06250000
376	-4.25917375	0.37838671	0.06250000
377	-4.26332134	0.30745468	0.06250000
378	-4.26614519	0.53936097	0.12500000
379	-4.27172903	0.40428565	0.06250000
380	-4.27604730	0.32205458	0.06250000
381	-4.27796788	0.58739328	0.12500000
382	-4.28405682	0.43414584	0.06250000
383	-4.28859316	0.33932840	0.06250000
384	-4.28942088	0.64159838	0.12500000
385	-4.29613864	0.46837017	0.06250000
386	-4.30095118	0.35959817	0.06250000
387	-4.30486759	0.29511076	0.06250000
388	-4.30795139	0.50739154	0.12500000
389	-4.31311143	0.38320394	0.06250000
390	-4.31717265	0.30824046	0.06250000
391	-4.31946626	0.55167893	0.12500000
392	-4.32506129	0.41050535	0.06250000
393	-4.32930848	0.32384042	0.06250000
394	-4.33064747	0.60174421	0.12500000
395	-4.33678486	0.44188464	0.06250000
396	-4.34126848	0.34221773	0.06250000
397	-4.34145068	0.65814968	0.12500000
398	-4.34826223	0.47775088	0.06250000
399	-4.35304418	0.36369681	0.06250000
400	-4.35687199	0.29545245	0.06250000
401	-4.35946854	0.51854549	0.12500000
402	-4.36462475	0.38862038	0.06250000
403	-4.36861079	0.30951124	0.06250000
404	-4.37037288	0.56474853	0.12500000
405	-4.37599655	0.41735170	0.06250000
406	-4.38018462	0.32614047	0.06250000
407	-4.38093690	0.61688577	0.12500000
408	-4.38714240	0.45027814	0.06250000
409	-4.39158624	0.34564965	0.06250000
410	-4.39520151	0.28360864	0.06250000
411	-4.39804088	0.48781597	0.12500000
412	-4.40280640	0.36836566	0.06250000
413	-4.40655593	0.29625094	0.06250000
414	-4.40866528	0.53041619	0.12500000
415	-4.41383337	0.39463425	0.06250000
416	-4.41775519	0.31126801	0.06250000
417	-4.41898246	0.57857108	0.12500000
418	-4.42465239	0.42482290	0.06250000
419	-4.42879316	0.32895499	0.06250000
420	-4.42895136	0.63282145	0.12500000
421	-4.43524498	0.45932499	0.06250000
422	-4.43966191	0.34962377	0.06250000
423	-4.44319662	0.28397538	0.06250000
424	-4.44558810	0.49856498	0.12500000
425	-4.45035140	0.37360381	0.06250000
426	-4.45403270	0.29750816	0.06250000
427	-4.45565311	0.54300455	0.12500000
428	-4.46084893	0.40124438	0.06250000
429	-4.46471733	0.31351205	0.06250000
430	-4.46540450	0.59314936	0.12500000
431	-4.47113861	0.43291792	0.06250000
432	-4.47524377	0.33228459	0.06250000
433	-4.47858281	0.27260588	0.06250000
434	-4.48120054	0.46902474	0.12500000
435	-4.48560341	0.35414002	0.06250000
436	-4.48906684	0.28477455	0.06250000
437	-4.49101000	0.50999855	0.12500000
438	-4.49578535	0.37941076	0.06250000
439	-4.49940834	0.29922629	0.06250000
440	-4.50053630	0.55631280	0.12500000
441	-4.50577592	0.40845016	0.06250000
442	-4.50960158	0.31624483	0.06250000
443	-4.50974140	0.60848758	0.12500000
444	-4.51555797	0.44163648	0.06250000
445	-4.51963921	0.33613000	0.06250000
446	-4.52290471	0.27298637	0.06250000
447	-4.52511016	0.47937792	0.12500000
448	-4.52951189	0.35919858	0.06250000
449	-4.53291314	0.28600914	0.06250000
450	-4.53440598	0.52211845	0.12500000
451	-4.53920784	0.38578638	0.06250000
452	-4.54278230	0.30140763	0.06250000
453	-4.54341253	0.57034439	0.12500000
454	-4.54871233	0.41625156	0.06250000
455	-4.55250590	0.31946792	0.06250000
456	-4.55559108	0.26206806	0.06250000
457	-4.55800693	0.45097905	0.12500000
458	-4.56207596	0.34049213	0.06250000
459	-4.56527633	0.27377762	0.06250000
460	-4.56706875	0.49038593	0.12500000
461	-4.57148237	0.36479988	0.06250000
462	-4.57483044	0.28768217	0.06250000
463	-4.57586936	0.53492754	0.12500000
464	-4.58071244	0.39273095	0.06250000
465	-4.58424808	0.30405450	0.06250000
466	-4.58437358	0.58510404	0.12500000
467	-4.58975031	0.42464908	0.06250000
468	-4.59352243	0.32318290	0.06250000
469	-4.59654027	0.26245410	0.06250000
470	-4.59857620	0.46094682	0.12500000
471	-4.60264481	0.34537195	0.06250000
472	-4.60578832	0.27498333	0.06250000
473	-4.60716556	0.50205114	0.12500000
474	-4.61160431	0.37094455	0.06250000
475	-4.61490810	0.28979666	0.06250000
476	-4.61548797	0.54842972	0.12500000
477	-4.62038728	0.40024511	0.06250000
478	-4.62389381	0.30716917	0.06250000
479	-4.62674533	0.25196598	0.06250000
480	-4.62897666	0.43364381	0.12500000
481	-4.63273802	0.32739134	0.06250000
482	-4.63569617	0.26323136	0.06250000
483	-4.63735124	0.47154175	0.12500000
484	-4.64143137	0.35077053	0.06250000
485	-4.64452621	0.27660710	0.06250000
486	-4.64548473	0.51437681	0.12500000
487	-4.64996209	0.37763347	0.06250000
488	-4.65323048	0.29235551	0.06250000
489	-4.65334456	0.56263001	0.12500000
490	-4.65831549	0.40832994	0.06250000
491	-4.66180265	0.31075378	0.06250000
492	-4.66459236	0.25235166	0.06250000
493	-4.66647327	0.44323744	0.12500000
494	-4.67023469	0.33209480	0.06250000
495	-4.67314070	0.26440400	0.06250000
496	-4.67441271	0.48276659	0.12500000
497	-4.67851650	0.35668907	0.06250000
498	-4.68157081	0.27865243	0.06250000
499	-4.68210566	0.52736715	0.12500000
500	-4.68663541	0.38486779	0.06250000
501	-4.68987728	0.29536145	0.06250000
502	-4.69251348	0.24227448	0.06250000
503	-4.69457564	0.41698696	0.12500000
504	-4.69805323	0.31481039	0.06250000
505	-4.70078811	0.25311073	0.06250000
506	-4.70231757	0.45343228	0.12500000
507	-4.70609000	0.33729479	0.06250000
508	-4.70895135	0.26597603	0.06250000
509	-4.70983686	0.49462487	0.12500000
510	-4.71397669	0.36312887	0.06250000
511	-4.71699859	0.28112262	0.06250000
512	-4.71710340	0.54102732	0.12500000
513	-4.72169969	0.39264899	0.06250000
514	-4.72492396	0.29881703	0.06250000
515	-4.72750332	0.24265558	0.06250000
516	-4.72924207	0.42621819	0.12500000
517	-4.73272001	0.31934092	0.06250000
518	-4.73540698	0.25424766	0.06250000
519	-4.73658280	0.46423134	0.12500000
520	-4.74037739	0.34299289	0.06250000
521	-4.74320155	0.26795126	0.06250000
522	-4.74369584	0.50712098	0.12500000
523	-4.74788438	0.37009142	0.06250000
524	-4.75088204	0.28402070	0.06250000
525	-4.75331964	0.23297152	0.06250000
526	-4.75522638	0.40097888	0.12500000
527	-4.75844206	0.30272463	0.06250000
528	-4.76097096	0.24339365	0.06250000
529	-4.76238521	0.43602619	0.12500000
530	-4.76587358	0.32434724	0.06250000
531	-4.76851949	0.25576670	0.06250000
532	-4.76933838	0.47563832	0.12500000
533	-4.77316652	0.34919069	0.06250000
534	-4.77596094	0.27033321	0.06250000
535	-4.77605801	0.52026013	0.12500000
536	-4.78030829	0.37757847	0.06250000
537	-4.78328989	0.28734951	0.06250000
538	-4.78567514	0.23334509	0.06250000
539	-4.78728323	0.40985969	0.12500000
540	-4.79049943	0.30708643	0.06250000
541	-4.79298422	0.24449334	0.06250000
542	-4.79407186	0.44641411	0.12500000
543	-4.79758091	0.32983115	0.06250000
544	-4.80019261	0.25767184	0.06250000
545	-4.80065011	0.48765766	0.12500000
546	-4.80452348	0.35588993	0.06250000
547	-4.80729565	0.27312515	0.06250000
548	-4.80954995	0.22403753	0.06250000
549	-4.81131363	0.38559202	0.12500000
550	-4.81428744	0.29111160	0.06250000
551	-4.81662621	0.23406038	0.06250000
552	-4.81793455	0.41929414	0.12500000
553	-4.82116055	0.31190451	0.06250000
554	-4.82360754	0.24595904	0.06250000
555	-4.82436543	0.45738573	0.12500000
556	-4.82790565	0.33579445	0.06250000
557	-4.83048999	0.25996676	0.06250000
558	-4.83058047	0.50029459	0.12500000
559	-4.83451108	0.36309252	0.06250000
560	-4.83726853	0.27633004	0.06250000
561	-4.83947456	0.22440154	0.06250000
562	-4.84096235	0.39413446	0.12500000
563	-4.84393677	0.29530934	0.06250000
564	-4.84623487	0.23512213	0.06250000
565	-4.84724146	0.42928546	0.12500000
566	-4.85048670	0.31718082	0.06250000
567	-4.85290218	0.24779483	0.06250000
568	-4.85332612	0.46894551	0.12500000
569	-4.85690828	0.34223903	0.06250000
570	-4.85947216	0.26265483	0.06250000
571	-4.86155718	0.21545490	0.06250000
572	-4.86318901	0.37080059	0.12500000
573	-4.86593938	0.27995058	0.06250000
574	-4.86810252	0.22509302	0.06250000
575	-4.86931335	0.40320855	0.12500000
576	-4.87229693	0.29994493	0.06250000
577	-4.87456017	0.23653477	0.06250000
578	-4.87526202	0.43983742	0.12500000
579	-4.87853619	0.32291731	0.06250000
580	-4.88092646	0.25000444	0.06250000
581	-4.88101120	0.48109861	0.12500000
582	-4.88464638	0.34916690	0.06250000
583	-4.88719674	0.26573910	0.06250000
584	-4.88923720	0.21580802	0.06250000
585	-4.89061408	0.37901659	0.12500000
586	-4.89336510	0.28398924	0.06250000
587	-4.89549072	0.22611671	0.06250000
588	-4.89642266	0.41281756	0.12500000
589	-4.89942411	0.30502042	0.06250000
590	-4.90165829	0.23830241	0.06250000
591	-4.90205150	0.45095447	0.12500000
592	-4.90536451	0.32911594	0.06250000
593	-4.90773593	0.25259131	0.06250000
594	-4.90966455	0.20720759	0.06250000
595	-4.91117471	0.35658027	0.12500000
596	-4.91371859	0.26922233	0.06250000
597	-4.91571946	0.21647520	0.06250000
598	-4.91684036	0.38774332	0.12500000
599	-4.91959990	0.28844826	0.06250000
600	-4.92169334	0.22747704	0.06250000
601	-4.92234362	0.42296525	0.12500000
602	-4.92537187	0.31053784	0.06250000
603	-4.92758279	0.24042881	0.06250000
604	-4.92766245	0.46264167	0.12500000
605	-4.93102453	0.33577878	0.06250000
606	-4.93338350	0.25555851	0.06250000
607	-4.93527097	0.20754899	0.06250000
608	-4.93654548	0.36448160	0.12500000
609	-4.93909000	0.27310703	0.06250000
610	-4.94105623	0.21746113	0.06250000
611	-4.94191932	0.39698402	0.12500000
612	-4.94469544	0.29332977	0.06250000
613	-4.94676204	0.22917809	0.06250000
614	-4.94712699	0.43365596	0.12500000
615	-4.95019121	0.31649918	0.06250000
616	-4.95238474	0.24291740	0.06250000
617	-4.95416881	0.19928083	0.06250000
618	-4.95556663	0.34290807	0.12500000
619	-4.95791963	0.25890883	0.06250000
620	-4.95977053	0.20819177	0.06250000
621	-4.96080839	0.37287370	0.12500000
622	-4.96336083	0.27739548	0.06250000
623	-4.96529733	0.21877021	0.06250000
624	-4.96590003	0.40674242	0.12500000
625	-4.96870095	0.29863582	0.06250000
626	-4.97074609	0.23122362	0.06250000
627	-4.97082115	0.44489468	0.12500000
628	-4.97393077	0.32290655	0.06250000
629	-4.97611281	0.24577124	0.06250000
630	-4.97785886	0.19961004	0.06250000
631	-4.97903881	0.35050626	0.12500000
632	-4.98139244	0.26264477	0.06250000
633	-4.98321131	0.20914056	0.06250000
634	-4.98401084	0.38175975	0.12500000
635	-4.98657862	0.28208983	0.06250000
636	-4.98849032	0.22040647	0.06250000
637	-4.98882922	0.41702275	0.12500000
638	-4.99166341	0.30436843	0.06250000
639	-4.99369248	0.23361700	0.06250000
640	-4.99534293	0.19166093	0.06250000
641	-4.99663693	0.32976215	0.12500000
642	-4.99881347	0.24899312	0.06250000
643	-5.00052571	0.20022862	0.06250000
644	-5.00148687	0.35857613	0.12500000
645	-5.00384782	0.26676864	0.06250000
646	-5.00563923	0.21039966	0.06250000
647	-5.00619799	0.39114341	0.12500000
648	-5.00878872	0.28719212	0.06250000
649	-5.01068058	0.22237359	0.06250000
650	-5.01075144	0.42782985	0.12500000
651	-5.01362762	0.31052967	0.06250000
652	-5.01564608	0.23636127	0.06250000
653	-5.01726137	0.19197777	0.06250000
654	-5.01835392	0.33706845	0.12500000
655	-5.02053105	0.25258551	0.06250000
656	-5.02221368	0.20114108	0.06250000
657	-5.02295446	0.36712080	0.12500000
658	-5.02532961	0.27128255	0.06250000
659	-5.02709808	0.21197306	0.06250000
660	-5.02741292	0.40102880	0.12500000
661	-5.03003442	0.29270436	0.06250000
662	-5.03191142	0.22467491	0.06250000
663	-5.03343832	0.18433510	0.06250000
664	-5.03463633	0.31712175	0.12500000
665	-5.03664970	0.23945917	0.06250000
666	-5.03823373	0.19257252	0.06250000
667	-5.03912396	0.34482814	0.12500000
668	-5.04130787	0.25655070	0.06250000
669	-5.04296510	0.20235164	0.06250000
670	-5.04348323	0.37614382	0.12500000
671	-5.04587961	0.27618854	0.06250000
672	-5.04762973	0.21386434	0.06250000
673	-5.04769670	0.41142062	0.12500000
674	-5.05035703	0.29862861	0.06250000
675	-5.05222422	0.22731341	0.06250000
676	-5.05371860	0.18463955	0.06250000
677	-5.05473033	0.32414707	0.12500000
678	-5.05674423	0.24291316	0.06250000
679	-5.05830088	0.19344961	0.06250000
680	-5.05898732	0.35304428	0.12500000
681	-5.06118434	0.26089078	0.06250000
682	-5.06282037	0.20386418	0.06250000
683	-5.06311293	0.38564922	0.12500000
684	-5.06553775	0.28148858	0.06250000
685	-5.06727413	0.21607677	0.06250000
686	-5.06868676	0.17729129	0.06250000
687	-5.06979600	0.30496702	0.12500000
688	-5.07165847	0.23029178	0.06250000
689	-5.07312394	0.18521102	0.06250000
690	-5.07394857	0.33160827	0.12500000
691	-5.07596873	0.24672547	0.06250000
692	-5.07750188	0.19461315	0.06250000
693	-5.07798243	0.36172033	0.12500000
694	-5.08019906	0.26560774	0.06250000
695	-5.08181811	0.20568222	0.06250000
696	-5.08188145	0.39564154	0.12500000
697	-5.08434216	0.28718471	0.06250000
698	-5.08606946	0.21861328	0.06250000
699	-5.08745201	0.17758350	0.06250000
700	-5.08838897	0.31172195	0.12500000
701	-5.09025193	0.23361243	0.06250000
702	-5.09169206	0.18605378	0.06250000
703	-5.09232822	0.33950833	0.12500000
704	-5.09436050	0.25089817	0.06250000
705	-5.09587403	0.19606689	0.06250000
706	-5.09614596	0.37086018	0.12500000
707	-5.09838888	0.27070354	0.06250000
708	-5.09999521	0.20780893	0.06250000
709	-5.10130217	0.17051814	0.06250000
710	-5.10232926	0.29327903	0.12500000
711	-5.10405218	0.22147648	0.06250000
712	-5.10540799	0.17813230	0.06250000
713	-5.10617191	0.31889597	0.12500000
714	-5.10804064	0.23727753	0.06250000
715	-5.10945903	0.18717185	0.06250000
716	-5.10990476	0.34785058	0.12500000
717	-5.11195517	0.25543319	0.06250000
718	-5.11345298	0.19781427	0.06250000
719	-5.11351292	0.38046821	0.12500000
720	-5.11578902	0.27618015	0.06250000
721	-5.11738693	0.21024716	0.06250000
722	-5.11866606	0.17079834	0.06250000
723	-5.11953382	0.29977381	0.12500000
724	-5.12125717	0.22466872	0.06250000
725	-5.12258954	0.17894185	0.06250000
726	-5.12317914	0.32649196	0.12500000
727	-5.12505906	0.24128911	0.06250000
728	-5.12645929	0.18856886	0.06250000
729	-5.12671209	0.35663880	0.12500000
730	-5.12878678	0.26033245	0.06250000
731	-5.13027282	0.19985837	0.06250000
732	-5.13148203	0.16400487	0.06250000
733	-5.13243311	0.28203962	0.12500000
734	-5.13402696	0.21299946	0.06250000
735	-5.13528134	0.17132515	0.06250000
736	-5.13598905	0.30667157	0.12500000
737	-5.13771772	0.22819214	0.06250000
738	-5.13902997	0.18001601	0.06250000
739	-5.13944345	0.33451315	0.12500000
740	-5.14134011	0.24564906	0.06250000
741	-5.14272579	0.19024814	0.06250000
742	-5.14278252	0.36587723	0.12500000
743	-5.14488788	0.26559786	0.06250000
744	-5.14636611	0.20220196	0.06250000
745	-5.14754957	0.16427336	0.06250000
746	-5.14835328	0.28828416	0.12500000
747	-5.14994750	0.21606811	0.06250000
748	-5.15118019	0.17210261	0.06250000
749	-5.15172667	0.31397508	0.12500000
750	-5.15346567	0.23204868	0.06250000
751	-5.15476111	0.18135834	0.06250000
752	-5.15499614	0.34296318	0.12500000
753	-5.15691525	0.25035924	0.06250000
754	-5.15829002	0.19221270	0.06250000
755	-5.15940880	0.15774123	0.06250000
756	-5.16028953	0.27123142	0.12500000
757	-5.16176399	0.20484752	0.06250000
758	-5.16292454	0.16477890	0.06250000
759	-5.16358022	0.29491619	0.12500000
760	-5.16517935	0.21945518	0.06250000
761	-5.16639340	0.17313445	0.06250000
762	-5.16677699	0.32168748	0.12500000
763	-5.16853145	0.23624020	0.06250000
764	-5.16981341	0.18297205	0.06250000
765	-5.16986711	0.35184614	0.12500000
766	-5.17181454	0.25542149	0.06250000
767	-5.17318208	0.19446519	0.06250000
768	-5.17427703	0.15799834	0.06250000
769	-5.17502144	0.27723527	0.12500000
770	-5.17649623	0.20779725	0.06250000
771	-5.17763670	0.16552541	0.06250000
772	-5.17814325	0.30193841	0.12500000
773	-5.17975191	0.22316258	0.06250000
774	-5.18095040	0.17442411	0.06250000
775	-5.18116894	0.32981226	0.12500000
776	-5.18294413	0.24076850	0.06250000
777	-5.18421598	0.18486003	0.06250000
778	-5.18525112	0.15171743	0.06250000
779	-5.18606672	0.26083777	0.12500000
780	-5.18743075	0.19700804	0.06250000
781	-5.18850450	0.15848336	0.06250000
782	-5.18911198	0.28361174	0.12500000
783	-5.19059128	0.21105317	0.06250000
784	-5.19171451	0.16651648	0.06250000
785	-5.19207039	0.30935384	0.12500000
786	-5.19369332	0.22719210	0.06250000
787	-5.19487933	0.17597470	0.06250000
788	-5.19493014	0.33835337	0.12500000
789	-5.19673152	0.24563537	0.06250000
790	-5.19799665	0.18702488	0.06250000
791	-5.19900973	0.15196354	0.06250000
792	-5.19969924	0.26661014	0.12500000
793	-5.20106355	0.19984337	0.06250000
794	-5.20211871	0.15920004	0.06250000
795	-5.20258826	0.29036345	0.12500000
796	-5.20407635	0.21461711	0.06250000
797	-5.20518516	0.16775545	0.06250000
798	-5.20538838	0.31716584	0.12500000
799	-5.20703046	0.23154547	0.06250000
800	-5.20820710	0.17778901	0.06250000
801	-5.20916485	0.14592413	0.06250000
802	-5.20992016	0.25084268	0.12500000
803	-5.21118203	0.18946893	0.06250000
804	-5.21217549	0.15242877	0.06250000
805	-5.21273834	0.27274085	0.12500000
806	-5.21410680	0.20297314	0.06250000
807	-5.21514599	0.16015188	0.06250000
808	-5.21547618	0.29749328	0.12500000
809	-5.21697745	0.21849082	0.06250000
810	-5.21807470	0.16924531	0.06250000
811	-5.21812278	0.32537822	0.12500000
812	-5.21978905	0.23622443	0.06250000
813	-5.22095946	0.17986956	0.06250000
814	-5.22189679	0.14615963	0.06250000
815	-5.22253546	0.25639244	0.12500000
816	-5.22379757	0.19219424	0.06250000
817	-5.22477382	0.15311674	0.06250000
818	-5.22520908	0.27923241	0.12500000
819	-5.22658565	0.20639913	0.06250000
820	-5.22761150	0.16134207	0.06250000
821	-5.22780047	0.30500451	0.12500000
822	-5.22931943	0.22267597	0.06250000
823	-5.23040800	0.17098876	0.06250000
824	-5.23129415	0.14035240	0.06250000
825	-5.23199363	0.24123080	0.12500000
826	-5.23316101	0.18221859	0.06250000
827	-5.23408017	0.14660581	0.06250000
828	-5.23460168	0.26228681	0.12500000
829	-5.23586761	0.19520270	0.06250000
830	-5.23682907	0.15403083	0.06250000
831	-5.23713542	0.28608762	0.12500000
832	-5.23852416	0.21012301	0.06250000
833	-5.23953929	0.16277352	0.06250000
834	-5.23958477	0.31290077	0.12500000
835	-5.24112608	0.22717424	0.06250000
836	-5.24220886	0.17298824	0.06250000
837	-5.24307612	0.14057768	0.06250000
838	-5.24366771	0.24656649	0.12500000
839	-5.24483528	0.18483810	0.06250000
840	-5.24573852	0.14726617	0.06250000
841	-5.24614200	0.26852822	0.12500000
842	-5.24741541	0.19849602	0.06250000
843	-5.24836451	0.15517412	0.06250000
844	-5.24854024	0.29330962	0.12500000
845	-5.24994532	0.21414640	0.06250000
846	-5.25095240	0.16444884	0.06250000
847	-5.25177232	0.13499368	0.06250000
848	-5.25242011	0.23198738	0.12500000
849	-5.25350007	0.17524590	0.06250000
850	-5.25435050	0.14100553	0.06250000
851	-5.25483371	0.25223361	0.12500000
852	-5.25600480	0.18772991	0.06250000
853	-5.25689434	0.14814396	0.06250000
854	-5.25717858	0.27511936	0.12500000
855	-5.25846322	0.20207583	0.06250000
856	-5.25940240	0.15654941	0.06250000
857	-5.25944541	0.30090191	0.12500000
858	-5.26087112	0.21847092	0.06250000
859	-5.26187285	0.16637036	0.06250000
860	-5.26267527	0.13520913	0.06250000
861	-5.26322325	0.23711724	0.12500000
862	-5.26430337	0.17776368	0.06250000
863	-5.26513906	0.14163934	0.06250000
864	-5.26551309	0.25823449	0.12500000
865	-5.26669108	0.19089567	0.06250000
866	-5.26756917	0.14924215	0.06250000
867	-5.26773259	0.28206325	0.12500000
868	-5.26903232	0.20594368	0.06250000
869	-5.26996403	0.15815922	0.06250000
870	-5.27072267	0.12983975	0.06250000
871	-5.27132259	0.22309827	0.12500000
872	-5.27232168	0.16854017	0.06250000
873	-5.27310853	0.13561937	0.06250000
874	-5.27355625	0.24256585	0.12500000
875	-5.27463961	0.18054333	0.06250000
876	-5.27546261	0.14248224	0.06250000
877	-5.27572635	0.26457171	0.12500000
878	-5.27691470	0.19433696	0.06250000
879	-5.27778360	0.15056345	0.06250000
880	-5.27782425	0.28936326	0.12500000
881	-5.27914305	0.21010115	0.06250000
882	-5.28006978	0.16000579	0.06250000
883	-5.28081222	0.13004576	0.06250000
884	-5.28131981	0.22803022	0.12500000
885	-5.28231904	0.17096015	0.06250000
886	-5.28309223	0.13622766	0.06250000
887	-5.28343897	0.24833544	0.12500000
888	-5.28452868	0.18358645	0.06250000
889	-5.28534108	0.14353709	0.06250000
890	-5.28549306	0.27124817	0.12500000
891	-5.28669535	0.19805527	0.06250000
892	-5.28755732	0.15211028	0.06250000
893	-5.28825926	0.12488274	0.06250000
894	-5.28881485	0.21454985	0.12500000
895	-5.28973913	0.16209115	0.06250000
896	-5.29046715	0.13043908	0.06250000
897	-5.29088200	0.23326872	0.12500000
898	-5.29188420	0.17363197	0.06250000
899	-5.29264565	0.13703703	0.06250000
900	-5.29289035	0.25442850	0.12500000
901	-5.29398963	0.18689455	0.06250000
902	-5.29479351	0.14480649	0.06250000
903	-5.29483193	0.27826713	0.12500000
904	-5.29605184	0.20205211	0.06250000
905	-5.29690919	0.15388481	0.06250000
906	-5.29759613	0.12507970	0.06250000
907	-5.29806632	0.21929150	0.12500000
908	-5.29899070	0.16441710	0.06250000
909	-5.29970608	0.13102287	0.06250000
910	-5.30002751	0.23881592	0.12500000
911	-5.30103557	0.17655718	0.06250000
912	-5.30178719	0.13805022	0.06250000
913	-5.30192852	0.26084783	0.12500000
914	-5.30304068	0.19046908	0.06250000
915	-5.30383814	0.14629279	0.06250000
916	-5.30448761	0.12011510	0.06250000
917	-5.30500216	0.20632905	0.12500000
918	-5.30585723	0.15588899	0.06250000
919	-5.30653082	0.12545678	0.06250000
920	-5.30691522	0.22432799	0.12500000
921	-5.30784233	0.16698526	0.06250000
922	-5.30854683	0.13180001	0.06250000
923	-5.30877388	0.24467422	0.12500000
924	-5.30979077	0.17973724	0.06250000
925	-5.31053450	0.13926974	0.06250000
926	-5.31057079	0.26759656	0.12500000
927	-5.31169922	0.19431150	0.06250000
928	-5.31249239	0.14799807	0.06250000
929	-5.31312799	0.12030337	0.06250000
930	-5.31356352	0.21088774	0.12500000
931	-5.31441868	0.15812455	0.06250000
932	-5.31508056	0.12601702	0.06250000
933	-5.31537853	0.22966136	0.12500000
934	-5.31631105	0.16979712	0.06250000
935	-5.31700645	0.13277317	0.06250000
936	-5.31713788	0.25084632	0.12500000
937	-5.31816666	0.18317354	0.06250000
938	-5.31890444	0.14069786	0.06250000
939	-5.31950537	0.11552955	0.06250000
940	-5.31998191	0.19842330	0.12500000
941	-5.32077295	0.14992421	0.06250000
942	-5.32139619	0.12066486	0.06250000
943	-5.32175236	0.21572999	0.12500000
944	-5.32261002	0.16059305	0.06250000
945	-5.32326183	0.12676320	0.06250000
946	-5.32347250	0.23529395	0.12500000
947	-5.32441318	0.17285408	0.06250000
948	-5.32510126	0.13394477	0.06250000
949	-5.32513553	0.25733520	0.12500000
950	-5.32617933	0.18686748	0.06250000
951	-5.32691313	0.14233658	0.06250000
952	-5.32750122	0.11570950	0.06250000
953	-5.32790466	0.20280607	0.12500000
954	-5.32869577	0.15207288	0.06250000
955	-5.32930816	0.12120248	0.06250000
956	-5.32958439	0.22085777	0.12500000
957	-5.33044704	0.16329594	0.06250000
958	-5.33109041	0.12769790	0.06250000
959	-5.33121264	0.24122831	0.12500000
960	-5.33216428	0.17615748	0.06250000
961	-5.33284685	0.13531697	0.06250000
962	-5.33340287	0.11111913	0.06250000
963	-5.33384420	0.19082050	0.12500000
964	-5.33457602	0.14418771	0.06250000
965	-5.33515266	0.11605603	0.06250000
966	-5.33548268	0.20746156	0.12500000
967	-5.33627610	0.15444559	0.06250000
968	-5.33687916	0.12191894	0.06250000
969	-5.33707463	0.22627332	0.12500000
970	-5.33794480	0.16623455	0.06250000
971	-5.33858140	0.12882344	0.06250000
972	-5.33861375	0.24746736	0.12500000
973	-5.33957928	0.17970867	0.06250000
974	-5.34025815	0.13689171	0.06250000
975	-5.34080228	0.11129111	0.06250000
976	-5.34117599	0.19503415	0.12500000
977	-5.34190785	0.14625286	0.06250000
978	-5.34247445	0.11657195	0.06250000
979	-5.34273053	0.21239168	0.12500000
980	-5.34352853	0.15704372	0.06250000
981	-5.34412379	0.12281669	0.06250000
982	-5.34423744	0.23197912	0.12500000
983	-5.34511775	0.16941019	0.06250000
984	-5.34574923	0.13014191	0.06250000
985	-5.34626370	0.10687713	0.06250000
986	-5.34667243	0.18350905	0.12500000
987	-5.34734945	0.13867075	0.06250000
988	-5.34788298	0.11162329	0.06250000
989	-5.34818878	0.19951008	0.12500000
990	-5.34892275	0.14853348	0.06250000
991	-5.34948071	0.11725984	0.06250000
992	-5.34966209	0.21759855	0.12500000
993	-5.35046704	0.15986856	0.06250000
994	-5.35105601	0.12389797	0.06250000
995	-5.35108653	0.23797793	0.12500000
996	-5.35197966	0.17282415	0.06250000
997	-5.35260771	0.13165517	0.06250000
998	-5.35311117	0.10704148	0.06250000
999	-5.35345734	0.18756009	0.12500000
1000	-5.35413439	0.14065562	0.06250000
